# ==================================
# == Temperature correction table ==
# ==================================
#
# Temperature dependence of the gain of PMTs.
# This table is based on the study by Matsubayashi. Original table is on LHCfWiki (See the page, Matsubayashi_Info)
#
# HEADER/ARM/TOWER/LAYER/A-PARAMETER/T_600V@SPS2015/Error/T_1000V@SPS2015/Error/T_Normal@LHC2015/Error
#
# A-PARAMETER : [%/degree]
#

START
DATA 1 0 0  -0.485249  31.92  0.01  44.12  0.09  29.97  0.1
DATA 1 0 1  -0.430867  33.25  0.01  48.06  0.09  30.78  0.11
DATA 1 0 2  -0.259406  28.45  0.01  38.8  0.07  28.64  0.08
DATA 1 0 3  -0.512708  34.32  0.01  50.45  0.09  31.49  0.11
DATA 1 0 4  -0.190807  34.89  0.01  50.93  0.08  32.24  0.1
DATA 1 0 5  -0.763074  30.5  0.01  43.82  0.07  30.02  0.09
DATA 1 0 6  -0.649429  34.47  0.01  50.72  0.08  31.91  0.1
DATA 1 0 7  -0.43038   34.64  0.01  51.15  0.08  32.04  0.01
DATA 1 0 8  -0.348081  34.93  0.01  50.67  0.09  32.39  0.09
DATA 1 0 9  0.0625781  30.49  0.01  43.99  0.07  29.85  0.09
DATA 1 0 10  -0.464896 34.37  0.01  50.41  0.08  31.92  0.09
DATA 1 0 11  -0.833014  27.89  0.01  38.68  0.06  28.56  0.07
DATA 1 0 12  -0.460323  34.61  0.01  50.21  0.09  32.06  0.09
DATA 1 0 13  -0.655571  33.71  0.01  48.57  0.08  31.6  0.09
DATA 1 0 14  -0.895951  30.01  0.01  41.68  0.07  29.64  0.08
DATA 1 0 15  -1.76449  32.64  0.01  44.17  0.09  30.91  0.07                              
DATA 1 1 0  -0.681239  31.53  0.01  40.56  0.12  30.56  0.05
DATA 1 1 1   -0.519109  27.74  0.005  36.63  0.11  27.83  0.08
DATA 1 1 2  -0.690838  33.75  0.01  44.92  0.12  32.13  0.06
DATA 1 1 3  -0.650226  33.77  0.005  45.95  0.12  32.1  0.06
DATA 1 1 4  -0.320853  30.39  0.003  43.76  0.1  29.59  0.1
DATA 1 1 5  -0.239935  34.93  0.005  47.95  0.12  33.37  0.06
DATA 1 1 6  -2.43051  28.24  0.002  39.08  0.08  29.01  0.08
DATA 1 1 7  -1.01767  34.62  0.004  47.73  0.12  32.96  0.06
DATA 1 1 8  -0.0710753  28.45  0.003  39.84  0.08  28.84  0.08
DATA 1 1 9  -0.515973  35.44  0.005  49.08  0.12  33.54  0.07
DATA 1 1 10  -0.47172  34.1  0.004  46.19  0.11  32.73  0.06
DATA 1 1 11  -0.537234  34.19  0.005  46.18  0.12  32.68  0.06
DATA 1 1 12  -0.842023  30.34  0.003  43.74  0.15  29.68  0.08
DATA 1 1 13  -0.83892  33.03  0.005  43.73  0.12  31.75  0.06
DATA 1 1 14  0.208532  31.75  0.005  40.53  0.12  30.77  0.05
DATA 1 1 15  -1.00475  28.75  0.004  38.24  0.1  28.95  0.07
END

