PARAM_START
FORMAT:  PARTICLE_DEFINE
TYPE:    1
VERSION: 000
DATE:    170617
COMMENT: 
 Copied 160208_conversion_factors.tab and then the following modifications were done.
     TL-04 6401.63 -> 12803.26 (factor x2 higher)
     TL-07 7737.72 -> 3622.7 (factor x0.5 lower)
 No logical reason of the modification. But with the modification we could get reasonable transition curve. 
PARAM_END

DATA_START
DETECTOR   1
HV0  600
ADC  0  0  7324.49
ADC  0  1  4153.74
ADC  0  2  2841.91
ADC  0  3  4206.4
ADC  0  4  6645.54
ADC  0  5  1356.94
ADC  0  6  6334.04
ADC  0  7  5837.49
ADC  0  8  5318.14
ADC  0  9  7294.26
ADC  0  10  4929.92
ADC  0  11  4448.23
ADC  0  12  4490.05
ADC  0  13  4577.03
ADC  0  14  2877.57
ADC  0  15  6037.46

HV1  600
ADC  1  0  6346.73
ADC  1  1  5418.45
ADC  1  2  7616.23
ADC  1  3  6526.58
ADC  1  4 12803.26
ADC  1  5  3218.41
ADC  1  6  4430.96
ADC  1  7  3622.7
ADC  1  8  4142.92
ADC  1  9  4362.2
ADC  1  10  4677.07
ADC  1  11  4825.25
ADC  1  12  6919.36
ADC  1  13  5850.8
ADC  1  14  6221.94
ADC  1  15  4756.8

SCIFIHV     950
SCIF   0   0   0   0   649953
SCIF   0   0   0   1   601225
SCIF   0   0   0   2   673257
SCIF   0   0   0   3   617966
SCIF   0   0   0   4   610108
SCIF   0   0   0   5   647392
SCIF   0   0   0   6   698472
SCIF   0   0   0   7   615064
SCIF   0   0   0   8   750488
SCIF   0   0   0   9   614287
SCIF   0   0   0   10   662254
SCIF   0   0   0   11   650630
SCIF   0   0   0   12   614336
SCIF   0   0   0   13   716453
SCIF   0   0   0   14   651966
SCIF   0   0   0   15   659434
SCIF   0   0   0   16   668055
SCIF   0   0   0   17   746468
SCIF   0   0   0   18   616499
SCIF   0   0   0   19   720779
SCIF   0   0   1   0   613854
SCIF   0   0   1   1   648800
SCIF   0   0   1   2   471162
SCIF   0   0   1   3   441045
SCIF   0   0   1   4   665947
SCIF   0   0   1   5   698729
SCIF   0   0   1   6   479570
SCIF   0   0   1   7   615120
SCIF   0   0   1   8   736561
SCIF   0   0   1   9   491008
SCIF   0   0   1   10   451167
SCIF   0   0   1   11   665379
SCIF   0   0   1   12   745745
SCIF   0   0   1   13   476624
SCIF   0   0   1   14   618734
SCIF   0   0   1   15   632849
SCIF   0   0   1   16   450072
SCIF   0   0   1   17   394371
SCIF   0   0   1   18   490059
SCIF   0   0   1   19   581938
SCIF   0   1   0   0   317541
SCIF   0   1   0   1   457688
SCIF   0   1   0   2   473070
SCIF   0   1   0   3   419934
SCIF   0   1   0   4   256203
SCIF   0   1   0   5   406789
SCIF   0   1   0   6   466400
SCIF   0   1   0   7   214892
SCIF   0   1   0   8   275853
SCIF   0   1   0   9   384267
SCIF   0   1   0   10   452366
SCIF   0   1   0   11   354671
SCIF   0   1   0   12   242232
SCIF   0   1   0   13   439430
SCIF   0   1   0   14   422733
SCIF   0   1   0   15   346072
SCIF   0   1   0   16   349741
SCIF   0   1   0   17   456750
SCIF   0   1   0   18   398384
SCIF   0   1   0   19   378618
SCIF   0   1   1   0   424132
SCIF   0   1   1   1   405930
SCIF   0   1   1   2   405666
SCIF   0   1   1   3   382439
SCIF   0   1   1   4   349362
SCIF   0   1   1   5   374917
SCIF   0   1   1   6   352484
SCIF   0   1   1   7   338857
SCIF   0   1   1   8   381232
SCIF   0   1   1   9   370170
SCIF   0   1   1   10   366563
SCIF   0   1   1   11   360780
SCIF   0   1   1   12   394632
SCIF   0   1   1   13   376958
SCIF   0   1   1   14   388466
SCIF   0   1   1   15   365800
SCIF   0   1   1   16   384330
SCIF   0   1   1   17   345879
SCIF   0   1   1   18   360376
SCIF   0   1   1   19   365608
SCIF   0   2   0   0   414895
SCIF   0   2   0   1   377611
SCIF   0   2   0   2   440195
SCIF   0   2   0   3   513672
SCIF   0   2   0   4   437386
SCIF   0   2   0   5   238600
SCIF   0   2   0   6   468337
SCIF   0   2   0   7   451907
SCIF   0   2   0   8   424053
SCIF   0   2   0   9   196838
SCIF   0   2   0   10   459416
SCIF   0   2   0   11   460795
SCIF   0   2   0   12   180916
SCIF   0   2   0   13   440753
SCIF   0   2   0   14   383426
SCIF   0   2   0   15   452305
SCIF   0   2   0   16   156492
SCIF   0   2   0   17   368703
SCIF   0   2   0   18   352961
SCIF   0   2   0   19   228609
SCIF   0   2   1   0   138861
SCIF   0   2   1   1   503570
SCIF   0   2   1   2   582075
SCIF   0   2   1   3   251918
SCIF   0   2   1   4   482693
SCIF   0   2   1   5   428239
SCIF   0   2   1   6   601045
SCIF   0   2   1   7   455491
SCIF   0   2   1   8   468308
SCIF   0   2   1   9   575645
SCIF   0   2   1   10   278722
SCIF   0   2   1   11   477054
SCIF   0   2   1   12   518812
SCIF   0   2   1   13   529282
SCIF   0   2   1   14   139237
SCIF   0   2   1   15   516946
SCIF   0   2   1   16   541172
SCIF   0   2   1   17   524762
SCIF   0   2   1   18   448232
SCIF   0   2   1   19   444184
SCIF   0   3   0   0   530263
SCIF   0   3   0   1   864884
SCIF   0   3   0   2   915314
SCIF   0   3   0   3   1.03031e+06
SCIF   0   3   0   4   706424
SCIF   0   3   0   5   844220
SCIF   0   3   0   6   1.02576e+06
SCIF   0   3   0   7   351253
SCIF   0   3   0   8   694179
SCIF   0   3   0   9   746943
SCIF   0   3   0   10   870996
SCIF   0   3   0   11   735668
SCIF   0   3   0   12   394737
SCIF   0   3   0   13   459870
SCIF   0   3   0   14   493532
SCIF   0   3   0   15   427513
SCIF   0   3   0   16   273368
SCIF   0   3   0   17   510099
SCIF   0   3   0   18   450253
SCIF   0   3   0   19   376750
SCIF   0   3   1   0   440441
SCIF   0   3   1   1   486528
SCIF   0   3   1   2   437814
SCIF   0   3   1   3   466757
SCIF   0   3   1   4   520155
SCIF   0   3   1   5   421728
SCIF   0   3   1   6   477704
SCIF   0   3   1   7   430318
SCIF   0   3   1   8   487605
SCIF   0   3   1   9   470300
SCIF   0   3   1   10   457954
SCIF   0   3   1   11   455721
SCIF   0   3   1   12   392753
SCIF   0   3   1   13   360395
SCIF   0   3   1   14   441592
SCIF   0   3   1   15   427142
SCIF   0   3   1   16   405599
SCIF   0   3   1   17   403463
SCIF   0   3   1   18   369297
SCIF   0   3   1   19   317814
SCIF   1   0   0   0   428245
SCIF   1   0   0   1   455058
SCIF   1   0   0   2   366686
SCIF   1   0   0   3   354118
SCIF   1   0   0   4   511133
SCIF   1   0   0   5   401329
SCIF   1   0   0   6   376189
SCIF   1   0   0   7   219983
SCIF   1   0   0   8   508903
SCIF   1   0   0   9   488853
SCIF   1   0   0   10   480350
SCIF   1   0   0   11   385533
SCIF   1   0   0   12   534421
SCIF   1   0   0   13   438705
SCIF   1   0   0   14   415342
SCIF   1   0   0   15   244093
SCIF   1   0   0   16   537887
SCIF   1   0   0   17   520466
SCIF   1   0   0   18   407361
SCIF   1   0   0   19   415001
SCIF   1   0   0   20   541893
SCIF   1   0   0   21   262964
SCIF   1   0   0   22   447008
SCIF   1   0   0   23   270270
SCIF   1   0   0   24   452708
SCIF   1   0   0   25   481771
SCIF   1   0   0   26   439911
SCIF   1   0   0   27   458892
SCIF   1   0   0   28   499376
SCIF   1   0   0   29   263874
SCIF   1   0   0   30   416801
SCIF   1   0   0   31   255487
SCIF   1   0   0   32   424688
SCIF   1   0   0   33   387837
SCIF   1   0   0   34   488020
SCIF   1   0   0   35   454533
SCIF   1   0   0   36   433083
SCIF   1   0   0   37   247278
SCIF   1   0   0   38   513633
SCIF   1   0   0   39   247125
SCIF   1   0   1   0   311064
SCIF   1   0   1   1   247516
SCIF   1   0   1   2   216203
SCIF   1   0   1   3   333737
SCIF   1   0   1   4   302030
SCIF   1   0   1   5   240445
SCIF   1   0   1   6   263847
SCIF   1   0   1   7   314009
SCIF   1   0   1   8   370270
SCIF   1   0   1   9   281449
SCIF   1   0   1   10   263170
SCIF   1   0   1   11   408988
SCIF   1   0   1   12   381957
SCIF   1   0   1   13   280345
SCIF   1   0   1   14   471372
SCIF   1   0   1   15   348199
SCIF   1   0   1   16   469116
SCIF   1   0   1   17   395245
SCIF   1   0   1   18   306295
SCIF   1   0   1   19   480207
SCIF   1   0   1   20   362196
SCIF   1   0   1   21   426903
SCIF   1   0   1   22   501316
SCIF   1   0   1   23   355186
SCIF   1   0   1   24   387426
SCIF   1   0   1   25   326141
SCIF   1   0   1   26   422089
SCIF   1   0   1   27   350559
SCIF   1   0   1   28   335453
SCIF   1   0   1   29   504591
SCIF   1   0   1   30   435062
SCIF   1   0   1   31   408321
SCIF   1   0   1   32   350843
SCIF   1   0   1   33   471322
SCIF   1   0   1   34   449405
SCIF   1   0   1   35   278889
SCIF   1   0   1   36   324422
SCIF   1   0   1   37   426454
SCIF   1   0   1   38   497033
SCIF   1   0   1   39   421186
SCIF   1   1   0   0   319550
SCIF   1   1   0   1   211533
SCIF   1   1   0   2   294103
SCIF   1   1   0   3   256305
SCIF   1   1   0   4   317637
SCIF   1   1   0   5   254975
SCIF   1   1   0   6   278124
SCIF   1   1   0   7   148322
SCIF   1   1   0   8   355043
SCIF   1   1   0   9   268620
SCIF   1   1   0   10   290636
SCIF   1   1   0   11   244916
SCIF   1   1   0   12   294100
SCIF   1   1   0   13   264574
SCIF   1   1   0   14   284397
SCIF   1   1   0   15   152393
SCIF   1   1   0   16   354979
SCIF   1   1   0   17   275296
SCIF   1   1   0   18   302259
SCIF   1   1   0   19   277253
SCIF   1   1   0   20   303216
SCIF   1   1   0   21   154924
SCIF   1   1   0   22   343699
SCIF   1   1   0   23   154833
SCIF   1   1   0   24   384980
SCIF   1   1   0   25   246271
SCIF   1   1   0   26   319661
SCIF   1   1   0   27   308657
SCIF   1   1   0   28   321878
SCIF   1   1   0   29   157345
SCIF   1   1   0   30   300542
SCIF   1   1   0   31   155684
SCIF   1   1   0   32   298446
SCIF   1   1   0   33   247471
SCIF   1   1   0   34   311404
SCIF   1   1   0   35   260332
SCIF   1   1   0   36   259980
SCIF   1   1   0   37   140028
SCIF   1   1   0   38   322004
SCIF   1   1   0   39   205476
SCIF   1   1   1   0   224936
SCIF   1   1   1   1   214386
SCIF   1   1   1   2   189361
SCIF   1   1   1   3   214455
SCIF   1   1   1   4   181882
SCIF   1   1   1   5   203868
SCIF   1   1   1   6   186967
SCIF   1   1   1   7   193637
SCIF   1   1   1   8   212513
SCIF   1   1   1   9   176051
SCIF   1   1   1   10   198486
SCIF   1   1   1   11   173568
SCIF   1   1   1   12   187399
SCIF   1   1   1   13   214482
SCIF   1   1   1   14   205280
SCIF   1   1   1   15   228507
SCIF   1   1   1   16   224120
SCIF   1   1   1   17   246046
SCIF   1   1   1   18   226093
SCIF   1   1   1   19   199858
SCIF   1   1   1   20   197967
SCIF   1   1   1   21   228295
SCIF   1   1   1   22   210364
SCIF   1   1   1   23   225028
SCIF   1   1   1   24   206511
SCIF   1   1   1   25   217479
SCIF   1   1   1   26   221787
SCIF   1   1   1   27   197308
SCIF   1   1   1   28   202461
SCIF   1   1   1   29   218745
SCIF   1   1   1   30   202388
SCIF   1   1   1   31   234141
SCIF   1   1   1   32   222653
SCIF   1   1   1   33   210961
SCIF   1   1   1   34   208289
SCIF   1   1   1   35   181614
SCIF   1   1   1   36   207675
SCIF   1   1   1   37   202796
SCIF   1   1   1   38   213545
SCIF   1   1   1   39   196879
SCIF   1   2   0   0   76117.9
SCIF   1   2   0   1   257178
SCIF   1   2   0   2   334657
SCIF   1   2   0   3   270066
SCIF   1   2   0   4   278153
SCIF   1   2   0   5   312084
SCIF   1   2   0   6   165880
SCIF   1   2   0   7   265801
SCIF   1   2   0   8   319542
SCIF   1   2   0   9   258093
SCIF   1   2   0   10   327528
SCIF   1   2   0   11   303089
SCIF   1   2   0   12   301605
SCIF   1   2   0   13   197089
SCIF   1   2   0   14   132574
SCIF   1   2   0   15   309884
SCIF   1   2   0   16   337551
SCIF   1   2   0   17   330286
SCIF   1   2   0   18   183212
SCIF   1   2   0   19   301046
SCIF   1   2   0   20   333925
SCIF   1   2   0   21   170703
SCIF   1   2   0   22   288914
SCIF   1   2   0   23   287025
SCIF   1   2   0   24   378216
SCIF   1   2   0   25   181943
SCIF   1   2   0   26   154084
SCIF   1   2   0   27   338611
SCIF   1   2   0   28   331324
SCIF   1   2   0   29   312886
SCIF   1   2   0   30   290488
SCIF   1   2   0   31   325720
SCIF   1   2   0   32   354808
SCIF   1   2   0   33   147283
SCIF   1   2   0   34   329372
SCIF   1   2   0   35   285742
SCIF   1   2   0   36   343316
SCIF   1   2   0   37   263680
SCIF   1   2   0   38   293087
SCIF   1   2   0   39   159408
SCIF   1   2   1   0   102176
SCIF   1   2   1   1   198488
SCIF   1   2   1   2   284763
SCIF   1   2   1   3   343772
SCIF   1   2   1   4   203436
SCIF   1   2   1   5   381978
SCIF   1   2   1   6   207243
SCIF   1   2   1   7   322563
SCIF   1   2   1   8   369446
SCIF   1   2   1   9   264271
SCIF   1   2   1   10   318675
SCIF   1   2   1   11   311209
SCIF   1   2   1   12   283909
SCIF   1   2   1   13   196797
SCIF   1   2   1   14   139105
SCIF   1   2   1   15   404493
SCIF   1   2   1   16   293972
SCIF   1   2   1   17   398562
SCIF   1   2   1   18   225586
SCIF   1   2   1   19   276979
SCIF   1   2   1   20   278626
SCIF   1   2   1   21   130619
SCIF   1   2   1   22   367617
SCIF   1   2   1   23   313771
SCIF   1   2   1   24   273933
SCIF   1   2   1   25   217322
SCIF   1   2   1   26   147872
SCIF   1   2   1   27   263746
SCIF   1   2   1   28   257024
SCIF   1   2   1   29   352645
SCIF   1   2   1   30   295297
SCIF   1   2   1   31   438122
SCIF   1   2   1   32   314351
SCIF   1   2   1   33   139767
SCIF   1   2   1   34   317932
SCIF   1   2   1   35   265622
SCIF   1   2   1   36   363546
SCIF   1   2   1   37   291413
SCIF   1   2   1   38   219996
SCIF   1   2   1   39   137134
SCIF   1   3   0   0   370478
SCIF   1   3   0   1   456751
SCIF   1   3   0   2   459200
SCIF   1   3   0   3   527607
SCIF   1   3   0   4   572553
SCIF   1   3   0   5   478736
SCIF   1   3   0   6   469325
SCIF   1   3   0   7   288374
SCIF   1   3   0   8   631209
SCIF   1   3   0   9   627899
SCIF   1   3   0   10   522653
SCIF   1   3   0   11   645841
SCIF   1   3   0   12   584864
SCIF   1   3   0   13   640726
SCIF   1   3   0   14   546586
SCIF   1   3   0   15   379349
SCIF   1   3   0   16   708845
SCIF   1   3   0   17   619159
SCIF   1   3   0   18   519001
SCIF   1   3   0   19   614226
SCIF   1   3   0   20   522861
SCIF   1   3   0   21   241825
SCIF   1   3   0   22   560824
SCIF   1   3   0   23   395255
SCIF   1   3   0   24   564905
SCIF   1   3   0   25   644325
SCIF   1   3   0   26   548999
SCIF   1   3   0   27   582254
SCIF   1   3   0   28   369274
SCIF   1   3   0   29   326536
SCIF   1   3   0   30   711791
SCIF   1   3   0   31   438500
SCIF   1   3   0   32   452805
SCIF   1   3   0   33   485853
SCIF   1   3   0   34   700878
SCIF   1   3   0   35   639421
SCIF   1   3   0   36   520720
SCIF   1   3   0   37   316450
SCIF   1   3   0   38   571530
SCIF   1   3   0   39   341705
SCIF   1   3   1   0   277963
SCIF   1   3   1   1   244939
SCIF   1   3   1   2   290303
SCIF   1   3   1   3   279203
SCIF   1   3   1   4   289282
SCIF   1   3   1   5   250592
SCIF   1   3   1   6   237142
SCIF   1   3   1   7   323857
SCIF   1   3   1   8   318551
SCIF   1   3   1   9   322145
SCIF   1   3   1   10   338899
SCIF   1   3   1   11   340683
SCIF   1   3   1   12   316741
SCIF   1   3   1   13   275212
SCIF   1   3   1   14   293300
SCIF   1   3   1   15   311200
SCIF   1   3   1   16   404321
SCIF   1   3   1   17   328967
SCIF   1   3   1   18   406695
SCIF   1   3   1   19   353013
SCIF   1   3   1   20   347101
SCIF   1   3   1   21   343959
SCIF   1   3   1   22   344487
SCIF   1   3   1   23   312428
SCIF   1   3   1   24   398087
SCIF   1   3   1   25   392512
SCIF   1   3   1   26   272004
SCIF   1   3   1   27   348379
SCIF   1   3   1   28   334309
SCIF   1   3   1   29   385461
SCIF   1   3   1   30   337304
SCIF   1   3   1   31   214172
SCIF   1   3   1   32   337613
SCIF   1   3   1   33   324216
SCIF   1   3   1   34   406622
SCIF   1   3   1   35   307330
SCIF   1   3   1   36   306587
SCIF   1   3   1   37   368654
SCIF   1   3   1   38   314430
SCIF   1   3   1   39   189133

DATA_END
