PARAM_START
FORMAT:  CONSCIFIPOSITION
TYPE:    1
VERSION: 0
DATE:    071024
COMMENT: 
PARAM_END

DATA_START
FIBER  0  0  0   0   -0.699   0.141   1.000  20.000   -0.8791 
FIBER  0  0  0   1    0.366   0.128   1.000  20.000   -0.7341 
FIBER  0  0  0   2    1.425   0.136   1.000  20.000   -0.6085 
FIBER  0  0  0   3    2.598   0.151   1.000  20.000   -0.2310 
FIBER  0  0  0   4    3.640   0.155   1.000  20.000   -0.1296 
FIBER  0  0  0   5    4.734   0.124   1.000  20.000   -0.0207 
FIBER  0  0  0   6    5.774   0.116   1.000  20.000    0.0556 
FIBER  0  0  0   7    6.850   0.108   1.000  20.000    0.2241 
FIBER  0  0  0   8    7.901   0.073   1.000  20.000    0.2196 
FIBER  0  0  0   9    8.997   0.093   1.000  20.000    0.3230 
FIBER  0  0  0  10   10.070   0.085   1.000  20.000    0.4663 
FIBER  0  0  0  11   11.133   0.141   1.000  20.000    0.5127 
FIBER  0  0  0  12   12.203   0.124   1.000  20.000    0.6097 
FIBER  0  0  0  13   13.277   0.073   1.000  20.000    0.7077 
FIBER  0  0  0  14   14.366   0.124   1.000  20.000    0.8537 
FIBER  0  0  0  15   15.406   0.083   1.000  20.000    0.9005 
FIBER  0  0  0  16   16.432   0.078   1.000  20.000    0.9402 
FIBER  0  0  0  17   17.543   0.032   1.000  20.000    1.2389 
FIBER  0  0  0  18   18.575   0.078   1.000  20.000    1.3204 
FIBER  0  0  0  19   19.600   0.078   1.000  20.000    1.3562 
FIBER  0  0  1   0    0.031   0.264   1.000  20.000  -89.9208 
FIBER  0  0  1   1    0.100   1.276   1.000  20.000  -89.8889 
FIBER  0  0  1   2    0.075   2.315   1.000  20.000  -89.9966 
FIBER  0  0  1   3    0.113   3.340   1.000  20.000  -90.0388 
FIBER  0  0  1   4    0.145   4.378   1.000  20.000  -90.1410 
FIBER  0  0  1   5    0.113   5.431   1.000  20.000  -90.2542 
FIBER  0  0  1   6    0.092   6.524   1.000  20.000  -90.3477 
FIBER  0  0  1   7    0.127   7.532   1.000  20.000  -90.3471 
FIBER  0  0  1   8    0.126   8.544   1.000  20.000  -90.3743 
FIBER  0  0  1   9    0.137   9.598   1.000  20.000  -90.5117 
FIBER  0  0  1  10    0.296  10.614   1.000  20.000  -90.4217 
FIBER  0  0  1  11    0.208  11.659   1.000  20.000  -90.3471 
FIBER  0  0  1  12    0.252  12.677   1.000  20.000  -90.4228 
FIBER  0  0  1  13    0.290  13.690   1.000  20.000  -90.3171 
FIBER  0  0  1  14    0.290  14.708   1.000  20.000  -90.1820 
FIBER  0  0  1  15    0.315  15.712   1.000  20.000  -90.1520 
FIBER  0  0  1  16    0.284  16.719   1.000  20.000  -90.1550 
FIBER  0  0  1  17    0.322  17.720   1.000  20.000  -90.1547 
FIBER  0  0  1  18    0.313  18.723   1.000  20.000  -90.1456 
FIBER  0  0  1  19    0.303  19.746   1.000  20.000  -90.1317 
FIBER  0  1  0   0   -0.626   0.090   1.000  20.000    0.1650 
FIBER  0  1  0   1    0.383   0.123   1.000  20.000    0.1907 
FIBER  0  1  0   2    1.385   0.116   1.000  20.000    0.1835 
FIBER  0  1  0   3    2.401   0.115   1.000  20.000    0.1988 
FIBER  0  1  0   4    3.407   0.094   1.000  20.000    0.1961 
FIBER  0  1  0   5    4.417   0.127   1.000  20.000    0.2133 
FIBER  0  1  0   6    5.432   0.094   1.000  20.000    0.2194 
FIBER  0  1  0   7    6.467   0.086   1.000  20.000    0.2732 
FIBER  0  1  0   8    7.494   0.045   1.000  20.000    0.3253 
FIBER  0  1  0   9    8.511   0.040   1.000  20.000    0.3130 
FIBER  0  1  0  10    9.630   0.086   1.000  20.000    0.6081 
FIBER  0  1  0  11   10.650   0.180   1.000  20.000    0.5723 
FIBER  0  1  0  12   11.694   0.164   1.000  20.000    0.6474 
FIBER  0  1  0  13   12.781   0.201   1.000  20.000    0.7940 
FIBER  0  1  0  14   13.892   0.147   1.000  20.000    1.0156 
FIBER  0  1  0  15   14.964   0.086   1.000  20.000    0.9926 
FIBER  0  1  0  16   15.981   0.164   1.000  20.000    1.0002 
FIBER  0  1  0  17   17.052   0.180   1.000  20.000    1.0625 
FIBER  0  1  0  18   18.081   0.201   1.000  20.000    1.0420 
FIBER  0  1  0  19   19.108   0.086   1.000  20.000    1.0141 
FIBER  0  1  1   0   -0.007   0.500   1.000  20.000  -89.4729 
FIBER  0  1  1   1    0.070   1.516   1.000  20.000  -89.4855 
FIBER  0  1  1   2    0.104   2.587   1.000  20.000  -89.6818 
FIBER  0  1  1   3    0.152   3.664   1.000  20.000  -89.8592 
FIBER  0  1  1   4    0.070   4.784   1.000  20.000  -90.1402 
FIBER  0  1  1   5    0.094   5.828   1.000  20.000  -90.1764 
FIBER  0  1  1   6    0.104   6.881   1.000  20.000  -90.3291 
FIBER  0  1  1   7    0.166   7.913   1.000  20.000  -90.4118 
FIBER  0  1  1   8    0.166   8.976   1.000  20.000  -90.4116 
FIBER  0  1  1   9    0.214  10.030   1.000  20.000  -90.4124 
FIBER  0  1  1  10    0.154  11.117   1.000  20.000  -90.5807 
FIBER  0  1  1  11    0.173  12.150   1.000  20.000  -90.6313 
FIBER  0  1  1  12    0.224  13.177   1.000  20.000  -90.6666 
FIBER  0  1  1  13    0.142  14.198   1.000  20.000  -90.7093 
FIBER  0  1  1  14    0.272  15.216   1.000  20.000  -90.6691 
FIBER  0  1  1  15    0.267  16.231   1.000  20.000  -90.7003 
FIBER  0  1  1  16    0.308  17.267   1.000  20.000  -90.8088 
FIBER  0  1  1  17    0.307  18.261   1.000  20.000  -90.8053 
FIBER  0  1  1  18    0.334  19.290   1.000  20.000  -90.8010 
FIBER  0  1  1  19    0.353  20.307   1.000  20.000  -90.7998 
FIBER  0  2  0   0   -0.262   0.032   1.000  20.000    0.1429 
FIBER  0  2  0   1    0.756   0.114   1.000  20.000    0.1442 
FIBER  0  2  0   2    1.786   0.070   1.000  20.000    0.1258 
FIBER  0  2  0   3    2.820   0.026   1.000  20.000    0.1666 
FIBER  0  2  0   4    3.866   0.026   1.000  20.000    0.2581 
FIBER  0  2  0   5    4.911   0.141   1.000  20.000    0.3520 
FIBER  0  2  0   6    5.921   0.046   1.000  20.000    0.3452 
FIBER  0  2  0   7    6.950   0.141   1.000  20.000    0.4318 
FIBER  0  2  0   8    7.987   0.060   1.000  20.000    0.5175 
FIBER  0  2  0   9    9.030   0.015   1.000  20.000    0.6201 
FIBER  0  2  0  10   10.041   0.063   1.000  20.000    0.5794 
FIBER  0  2  0  11   11.064   0.138   1.000  20.000    0.5635 
FIBER  0  2  0  12   12.076   0.195   1.000  20.000    0.4999 
FIBER  0  2  0  13   13.088   0.216   1.000  20.000    0.3659 
FIBER  0  2  0  14   14.105   0.195   1.000  20.000    0.3019 
FIBER  0  2  0  15   15.232   0.131   1.000  20.000    0.5921 
FIBER  0  2  0  16   16.294   0.060   1.000  20.000    0.6624 
FIBER  0  2  0  17   17.378   0.123   1.000  20.000    0.8829 
FIBER  0  2  0  18   18.422   0.087   1.000  20.000    0.8844 
FIBER  0  2  0  19   19.449   0.080   1.000  20.000    0.8412 
FIBER  0  2  1   0   -0.037   0.339   1.000  20.000  -89.8132 
FIBER  0  2  1   1   -0.012   1.350   1.000  20.000  -89.8413 
FIBER  0  2  1   2    0.053   2.400   1.000  20.000  -89.8687 
FIBER  0  2  1   3    0.015   3.435   1.000  20.000  -89.9317 
FIBER  0  2  1   4    0.001   4.486   1.000  20.000  -90.0454 
FIBER  0  2  1   5   -0.012   5.528   1.000  20.000  -90.0749 
FIBER  0  2  1   6    0.066   6.579   1.000  20.000  -90.2037 
FIBER  0  2  1   7   -0.012   7.660   1.000  20.000  -90.4460 
FIBER  0  2  1   8    0.079   8.724   1.000  20.000  -90.5899 
FIBER  0  2  1   9    0.066   9.764   1.000  20.000  -90.6606 
FIBER  0  2  1  10    0.015  10.810   1.000  20.000  -90.7804 
FIBER  0  2  1  11    0.082  11.853   1.000  20.000  -90.8782 
FIBER  0  2  1  12    0.196  12.893   1.000  20.000  -90.8644 
FIBER  0  2  1  13    0.196  14.005   1.000  20.000  -91.1064 
FIBER  0  2  1  14    0.196  15.103   1.000  20.000  -91.3070 
FIBER  0  2  1  15    0.144  16.182   1.000  20.000  -91.5256 
FIBER  0  2  1  16    0.170  17.274   1.000  20.000  -91.7498 
FIBER  0  2  1  17    0.299  18.313   1.000  20.000  -91.7095 
FIBER  0  2  1  18    0.247  19.335   1.000  20.000  -91.6284 
FIBER  0  2  1  19    0.354  20.343   1.000  20.000  -91.6347 
FIBER  0  3  0   0   -0.948  -0.267   1.000  20.000   -1.2500 
FIBER  0  3  0   1    0.058  -0.112   1.000  20.000   -1.3533 
FIBER  0  3  0   2    1.063  -0.051   1.000  20.000   -1.3547 
FIBER  0  3  0   3    2.098   0.041   1.000  20.000   -1.2602 
FIBER  0  3  0   4    3.110   0.005   1.000  20.000   -1.2307 
FIBER  0  3  0   5    4.132  -0.063   1.000  20.000   -1.1793 
FIBER  0  3  0   6    5.159  -0.102   1.000  20.000   -1.1269 
FIBER  0  3  0   7    6.244   0.005   1.000  20.000   -1.1016 
FIBER  0  3  0   8    7.278  -0.071   1.000  20.000   -1.0646 
FIBER  0  3  0   9    8.336  -0.051   1.000  20.000   -0.9395 
FIBER  0  3  0  10    9.468  -0.041   1.000  20.000   -0.5983 
FIBER  0  3  0  11   10.546   0.000   1.000  20.000   -0.4164 
FIBER  0  3  0  12   11.671   0.061   1.000  20.000   -0.0789 
FIBER  0  3  0  13   12.859   0.194   1.000  20.000    0.3253 
FIBER  0  3  0  14   14.013   0.194   1.000  20.000    0.5022 
FIBER  0  3  0  15   15.090   0.141   1.000  20.000    0.6316 
FIBER  0  3  0  16   16.264   0.141   1.000  20.000    0.9983 
FIBER  0  3  0  17   17.378   0.141   1.000  20.000    1.1419 
FIBER  0  3  0  18   18.462   0.141   1.000  20.000    1.1901 
FIBER  0  3  0  19   19.667   0.214   1.000  20.000    1.4630 
FIBER  0  3  1   0    0.006   0.442   1.000  20.000  -89.8693 
FIBER  0  3  1   1   -0.060   1.466   1.000  20.000  -89.9334 
FIBER  0  3  1   2   -0.106   2.627   1.000  20.000  -90.3868 
FIBER  0  3  1   3   -0.121   3.723   1.000  20.000  -90.6363 
FIBER  0  3  1   4    0.040   4.770   1.000  20.000  -90.6833 
FIBER  0  3  1   5   -0.037   5.796   1.000  20.000  -90.6540 
FIBER  0  3  1   6   -0.083   6.834   1.000  20.000  -90.7176 
FIBER  0  3  1   7    0.039   7.869   1.000  20.000  -90.8001 
FIBER  0  3  1   8    0.001   8.943   1.000  20.000  -90.9525 
FIBER  0  3  1   9    0.039   9.984   1.000  20.000  -90.9890 
FIBER  0  3  1  10    0.009  10.991   1.000  20.000  -90.9316 
FIBER  0  3  1  11   -0.022  12.009   1.000  20.000  -90.8774 
FIBER  0  3  1  12    0.136  13.013   1.000  20.000  -90.8151 
FIBER  0  3  1  13    0.192  14.014   1.000  20.000  -90.6885 
FIBER  0  3  1  14    0.116  15.053   1.000  20.000  -90.6940 
FIBER  0  3  1  15    0.055  16.099   1.000  20.000  -90.6108 
FIBER  0  3  1  16    0.078  17.141   1.000  20.000  -90.6426 
FIBER  0  3  1  17    0.215  18.167   1.000  20.000  -90.6161 
FIBER  0  3  1  18    0.039  19.195   1.000  20.000  -90.6519 
FIBER  0  3  1  19   -0.014  20.215   1.000  20.000  -90.5774 
FIBER  1  0  0   0   -0.240   0.038   1.000  40.000   -0.2671 
FIBER  1  0  0   1    0.758   0.024   1.000  40.000   -0.2724 
FIBER  1  0  0   2    1.761   0.045   1.000  40.000   -0.2858 
FIBER  1  0  0   3    2.772   0.052   1.000  40.000   -0.2684 
FIBER  1  0  0   4    3.771   0.150   1.000  40.000   -0.2745 
FIBER  1  0  0   5    4.768   0.154   1.000  40.000   -0.2729 
FIBER  1  0  0   6    5.769   0.157   1.000  40.000   -0.2714 
FIBER  1  0  0   7    6.765   0.244   1.000  40.000   -0.2728 
FIBER  1  0  0   8    7.756   0.255   1.000  40.000   -0.2790 
FIBER  1  0  0   9    8.761   0.150   1.000  40.000   -0.2775
FIBER  1  0  0  10    9.767   0.199   1.000  40.000   -0.2740 
FIBER  1  0  0  11   10.764   0.129   1.000  40.000   -0.3077 
FIBER  1  0  0  12   11.756  -0.004   1.000  40.000   -0.3076 
FIBER  1  0  0  13   12.767  -0.060   1.000  40.000   -0.2980 
FIBER  1  0  0  14   13.766   0.080   1.000  40.000   -0.2957 
FIBER  1  0  0  15   14.774  -0.039   1.000  40.000   -0.2932 
FIBER  1  0  0  16   15.770   0.157   1.000  40.000   -0.2964 
FIBER  1  0  0  17   16.770   0.128   1.000  40.000   -0.2953 
FIBER  1  0  0  18   17.808   0.013   1.000  40.000   -0.2705 
FIBER  1  0  0  19   18.837   0.059   1.000  40.000   -0.2389 
FIBER  1  0  0  20   19.837  -0.032   1.000  40.000   -0.2444 
FIBER  1  0  0  21   20.837   0.038   1.000  40.000   -0.2440 
FIBER  1  0  0  22   21.841   0.241   1.000  40.000   -0.2669 
FIBER  1  0  0  23   22.904  -0.011   1.000  40.000   -0.2427 
FIBER  1  0  0  24   23.967   0.129   1.000  40.000   -0.1645 
FIBER  1  0  0  25   25.057   0.122   1.000  40.000   -0.2179 
FIBER  1  0  0  26   26.156   0.013   1.000  40.000   -0.1012 
FIBER  1  0  0  27   27.238   0.059   1.000  40.000   -0.0078 
FIBER  1  0  0  28   28.267   0.013   1.000  40.000   -0.0094 
FIBER  1  0  0  29   29.321  -0.095   1.000  40.000    0.0652 
FIBER  1  0  0  30   30.334  -0.060   1.000  40.000    0.0466 
FIBER  1  0  0  31   31.324   0.017   1.000  40.000    0.0062 
FIBER  1  0  0  32   32.384   0.052   1.000  40.000   -0.0078 
FIBER  1  0  0  33   33.390   0.101   1.000  40.000   -0.0388 
FIBER  1  0  0  34   34.414  -0.103   1.000  40.000   -0.0000 
FIBER  1  0  0  35   35.433  -0.088   1.000  40.000    0.0167 
FIBER  1  0  0  36   36.466  -0.088   1.000  40.000    0.0780 
FIBER  1  0  0  37   37.566   0.220   1.000  40.000    0.2503 
FIBER  1  0  0  38   38.634   0.128   1.000  40.000    0.2750 
FIBER  1  0  0  39   39.638   0.036   1.000  40.000    0.2701 
FIBER  1  0  1   0    0.179   0.159   1.000  40.000  -89.4382 
FIBER  1  0  1   1    0.200   1.167   1.000  40.000  -89.4477 
FIBER  1  0  1   2    0.197   2.193   1.000  40.000  -89.4761 
FIBER  1  0  1   3    0.197   3.251   1.000  40.000  -89.5584 
FIBER  1  0  1   4    0.173   4.254   1.000  40.000  -89.5716 
FIBER  1  0  1   5    0.139   5.249   1.000  40.000  -89.5441 
FIBER  1  0  1   6    0.105   6.244   1.000  40.000  -89.4553 
FIBER  1  0  1   7    0.220   7.283   1.000  40.000  -89.5193 
FIBER  1  0  1   8    0.200   8.340   1.000  40.000  -89.6168 
FIBER  1  0  1   9    0.206   9.379   1.000  40.000  -89.6693 
FIBER  1  0  1  10    0.112  10.376   1.000  40.000  -89.6559 
FIBER  1  0  1  11   -0.007  11.385   1.000  40.000  -89.6509 
FIBER  1  0  1  12   -0.007  12.382   1.000  40.000  -89.6269 
FIBER  1  0  1  13    0.004  13.384   1.000  40.000  -89.6076 
FIBER  1  0  1  14    0.037  14.396   1.000  40.000  -89.5805 
FIBER  1  0  1  15    0.206  15.425   1.000  40.000  -89.5983 
FIBER  1  0  1  16    0.112  16.458   1.000  40.000  -89.6159 
FIBER  1  0  1  17   -0.017  17.492   1.000  40.000  -89.5781 
FIBER  1  0  1  18    0.369  18.507   1.000  40.000  -89.5615 
FIBER  1  0  1  19    0.315  19.509   1.000  40.000  -89.5842 
FIBER  1  0  1  20    0.037  20.527   1.000  40.000  -89.5996 
FIBER  1  0  1  21    0.315  21.540   1.000  40.000  -89.5865 
FIBER  1  0  1  22    0.091  22.540   1.000  40.000  -89.5770 
FIBER  1  0  1  23    0.098  23.549   1.000  40.000  -89.6088 
FIBER  1  0  1  24    0.112  24.559   1.000  40.000  -89.5843 
FIBER  1  0  1  25    0.091  25.563   1.000  40.000  -89.5925 
FIBER  1  0  1  26    0.017  26.593   1.000  40.000  -89.6303 
FIBER  1  0  1  27    0.132  27.678   1.000  40.000  -89.7560 
FIBER  1  0  1  28    0.238  28.704   1.000  40.000  -89.7971 
FIBER  1  0  1  29    0.126  29.759   1.000  40.000  -89.8667 
FIBER  1  0  1  30    0.227  30.781   1.000  40.000  -89.9026 
FIBER  1  0  1  31    0.396  31.794   1.000  40.000  -89.9288 
FIBER  1  0  1  32    0.369  32.811   1.000  40.000  -89.9573 
FIBER  1  0  1  33    0.369  33.862   1.000  40.000  -90.0263 
FIBER  1  0  1  34    0.394  34.888   1.000  40.000  -90.0540 
FIBER  1  0  1  35    0.324  35.899   1.000  40.000  -90.0748 
FIBER  1  0  1  36    0.364  36.908   1.000  40.000  -90.0908 
FIBER  1  0  1  37    0.394  37.959   1.000  40.000  -90.1710 
FIBER  1  0  1  38    0.314  38.988   1.000  40.000  -90.2139 
FIBER  1  0  1  39    0.304  40.009   1.000  40.000  -90.2411 
FIBER  1  1  0   0    0.102   0.016   1.000  40.000   -0.1811 
FIBER  1  1  0   1    1.088  -0.001   1.000  40.000   -0.2118 
FIBER  1  1  0   2    2.090   0.051   1.000  40.000   -0.2219 
FIBER  1  1  0   3    3.090   0.016   1.000  40.000   -0.2541 
FIBER  1  1  0   4    4.089   0.207   1.000  40.000   -0.2923 
FIBER  1  1  0   5    5.085   0.128   1.000  40.000   -0.2928 
FIBER  1  1  0   6    6.091   0.128   1.000  40.000   -0.2908 
FIBER  1  1  0   7    7.106   0.178   1.000  40.000   -0.2694 
FIBER  1  1  0   8    8.117   0.185   1.000  40.000   -0.2519 
FIBER  1  1  0   9    9.133   0.013   1.000  40.000   -0.2268 
FIBER  1  1  0  10   10.149   0.028   1.000  40.000   -0.2243 
FIBER  1  1  0  11   11.222   0.128   1.000  40.000   -0.1960 
FIBER  1  1  0  12   12.286   0.013   1.000  40.000   -0.1263 
FIBER  1  1  0  13   13.341   0.087   1.000  40.000   -0.1587 
FIBER  1  1  0  14   14.414   0.128   1.000  40.000   -0.0985 
FIBER  1  1  0  15   15.442  -0.012   1.000  40.000   -0.0646 
FIBER  1  1  0  16   16.443   0.067   1.000  40.000   -0.0647 
FIBER  1  1  0  17   17.479   0.225   1.000  40.000   -0.0275 
FIBER  1  1  0  18   18.489   0.087   1.000  40.000   -0.0129 
FIBER  1  1  0  19   19.509  -0.103   1.000  40.000    0.0100 
FIBER  1  1  0  20   20.509  -0.091   1.000  40.000   -0.0071 
FIBER  1  1  0  21   21.523   0.028   1.000  40.000   -0.0116 
FIBER  1  1  0  22   22.537   0.166   1.000  40.000   -0.0000 
FIBER  1  1  0  23   23.543   0.008   1.000  40.000   -0.0000 
FIBER  1  1  0  24   24.558   0.008   1.000  40.000    0.0230 
FIBER  1  1  0  25   25.560   0.067   1.000  40.000    0.0373 
FIBER  1  1  0  26   26.564   0.087   1.000  40.000    0.0347 
FIBER  1  1  0  27   27.606  -0.103   1.000  40.000    0.0907 
FIBER  1  1  0  28   28.609   0.067   1.000  40.000    0.0902 
FIBER  1  1  0  29   29.604  -0.012   1.000  40.000    0.0912 
FIBER  1  1  0  30   30.602   0.013   1.000  40.000    0.0842 
FIBER  1  1  0  31   31.602  -0.012   1.000  40.000    0.0860 
FIBER  1  1  0  32   32.621  -0.031   1.000  40.000    0.1139 
FIBER  1  1  0  33   33.621   0.008   1.000  40.000    0.1174 
FIBER  1  1  0  34   34.633   0.013   1.000  40.000    0.1372 
FIBER  1  1  0  35   35.638   0.047   1.000  40.000    0.1307 
FIBER  1  1  0  36   36.650   0.225   1.000  40.000    0.1329 
FIBER  1  1  0  37   37.650   0.087   1.000  40.000    0.1413 
FIBER  1  1  0  38   38.662   0.067   1.000  40.000    0.1518 
FIBER  1  1  0  39   39.684   0.126   1.000  40.000    0.1464 
FIBER  1  1  1   0    0.217   0.080   1.000  40.000  -89.3916 
FIBER  1  1  1   1    0.130   1.085   1.000  40.000  -89.3929 
FIBER  1  1  1   2    0.117   2.107   1.000  40.000  -89.4177 
FIBER  1  1  1   3    0.124   3.171   1.000  40.000  -89.5123 
FIBER  1  1  1   4    0.148   4.215   1.000  40.000  -89.5767 
FIBER  1  1  1   5    0.124   5.211   1.000  40.000  -89.5681 
FIBER  1  1  1   6    0.205   6.213   1.000  40.000  -89.5855 
FIBER  1  1  1   7    0.203   7.211   1.000  40.000  -89.5793 
FIBER  1  1  1   8    0.223   8.219   1.000  40.000  -89.5895 
FIBER  1  1  1   9    0.217   9.221   1.000  40.000  -89.5893 
FIBER  1  1  1  10    0.130  10.258   1.000  40.000  -89.6452 
FIBER  1  1  1  11    0.130  11.256   1.000  40.000  -89.6013 
FIBER  1  1  1  12    0.152  12.264   1.000  40.000  -89.6101 
FIBER  1  1  1  13    0.149  13.306   1.000  40.000  -89.6741 
FIBER  1  1  1  14    0.097  14.365   1.000  40.000  -89.7523 
FIBER  1  1  1  15    0.086  15.397   1.000  40.000  -89.7774 
FIBER  1  1  1  16    0.138  16.515   1.000  40.000  -89.8792 
FIBER  1  1  1  17    0.145  17.527   1.000  40.000  -89.8889 
FIBER  1  1  1  18    0.190  18.531   1.000  40.000  -89.8887 
FIBER  1  1  1  19    0.152  19.622   1.000  40.000  -89.9970 
FIBER  1  1  1  20    0.117  20.644   1.000  40.000  -89.9949 
FIBER  1  1  1  21    0.142  21.684   1.000  40.000  -89.9383 
FIBER  1  1  1  22    0.163  22.698   1.000  40.000  -89.9207 
FIBER  1  1  1  23    0.177  23.694   1.000  40.000  -89.8661 
FIBER  1  1  1  24    0.173  24.703   1.000  40.000  -89.8679 
FIBER  1  1  1  25    0.093  25.728   1.000  40.000  -89.9117 
FIBER  1  1  1  26    0.093  26.734   1.000  40.000  -89.9117 
FIBER  1  1  1  27    0.138  27.734   1.000  40.000  -89.9118 
FIBER  1  1  1  28    0.043  28.769   1.000  40.000  -89.9630 
FIBER  1  1  1  29    0.243  29.823   1.000  40.000  -90.0427 
FIBER  1  1  1  30    0.217  30.850   1.000  40.000  -90.0956 
FIBER  1  1  1  31    0.197  31.851   1.000  40.000  -90.0883 
FIBER  1  1  1  32    0.197  32.849   1.000  40.000  -90.0917 
FIBER  1  1  1  33    0.190  33.860   1.000  40.000  -90.1059 
FIBER  1  1  1  34    0.194  34.872   1.000  40.000  -90.0793 
FIBER  1  1  1  35    0.190  35.876   1.000  40.000  -90.0595 
FIBER  1  1  1  36    0.197  36.927   1.000  40.000  -90.1303 
FIBER  1  1  1  37    0.194  37.950   1.000  40.000  -90.1656 
FIBER  1  1  1  38    0.187  38.963   1.000  40.000  -90.1812 
FIBER  1  1  1  39    0.201  39.965   1.000  40.000  -90.1805 
FIBER  1  2  0   0   -0.100   0.038   1.000  40.000   -0.0854 
FIBER  1  2  0   1    0.914   0.010   1.000  40.000   -0.1138 
FIBER  1  2  0   2    1.918   0.016   1.000  40.000   -0.0792 
FIBER  1  2  0   3    2.915   0.062   1.000  40.000   -0.0850 
FIBER  1  2  0   4    3.947   0.013   1.000  40.000   -0.0364 
FIBER  1  2  0   5    5.009   0.097   1.000  40.000    0.0545 
FIBER  1  2  0   6    6.016   0.091   1.000  40.000    0.0531 
FIBER  1  2  0   7    7.022   0.244   1.000  40.000    0.0604 
FIBER  1  2  0   8    8.040   0.128   1.000  40.000    0.0729 
FIBER  1  2  0   9    9.051   0.013   1.000  40.000    0.0871 
FIBER  1  2  0  10   10.052   0.013   1.000  40.000    0.0858 
FIBER  1  2  0  11   11.061  -0.007   1.000  40.000    0.1033 
FIBER  1  2  0  12   12.066  -0.001   1.000  40.000    0.1211 
FIBER  1  2  0  13   13.062   0.057   1.000  40.000    0.1270 
FIBER  1  2  0  14   14.085   0.010   1.000  40.000    0.1515 
FIBER  1  2  0  15   15.097   0.027   1.000  40.000    0.1672 
FIBER  1  2  0  16   16.100   0.161   1.000  40.000    0.1703 
FIBER  1  2  0  17   17.117   0.068   1.000  40.000    0.2063 
FIBER  1  2  0  18   18.130   0.068   1.000  40.000    0.2329 
FIBER  1  2  0  19   19.132   0.013   1.000  40.000    0.2439 
FIBER  1  2  0  20   20.141   0.016   1.000  40.000    0.2552 
FIBER  1  2  0  21   21.143   0.013   1.000  40.000    0.2636 
FIBER  1  2  0  22   22.144   0.051   1.000  40.000    0.2661 
FIBER  1  2  0  23   23.150   0.004   1.000  40.000    0.2750 
FIBER  1  2  0  24   24.155  -0.001   1.000  40.000    0.2734 
FIBER  1  2  0  25   25.153   0.010   1.000  40.000    0.2628 
FIBER  1  2  0  26   26.156   0.097   1.000  40.000    0.2559 
FIBER  1  2  0  27   27.148   0.074   1.000  40.000    0.2064 
FIBER  1  2  0  28   28.170  -0.007   1.000  40.000    0.2175 
FIBER  1  2  0  29   29.183   0.085   1.000  40.000    0.1918 
FIBER  1  2  0  30   30.226   0.166   1.000  40.000    0.2178 
FIBER  1  2  0  31   31.270   0.143   1.000  40.000    0.2222 
FIBER  1  2  0  32   32.264   0.131   1.000  40.000    0.2128 
FIBER  1  2  0  33   33.266   0.114   1.000  40.000    0.2133 
FIBER  1  2  0  34   34.268   0.125   1.000  40.000    0.1682 
FIBER  1  2  0  35   35.269   0.137   1.000  40.000    0.1591 
FIBER  1  2  0  36   36.271   0.068   1.000  40.000    0.1695 
FIBER  1  2  0  37   37.295   0.172   1.000  40.000    0.2023 
FIBER  1  2  0  38   38.353   0.149   1.000  40.000    0.2624 
FIBER  1  2  0  39   39.415   0.074   1.000  40.000    0.3269 
FIBER  1  2  1   0    0.106   0.479   1.000  40.000  -89.7050 
FIBER  1  2  1   1    0.106   1.478   1.000  40.000  -89.7118 
FIBER  1  2  1   2    0.106   2.479   1.000  40.000  -89.7170 
FIBER  1  2  1   3    0.056   3.476   1.000  40.000  -89.7160 
FIBER  1  2  1   4   -0.006   4.482   1.000  40.000  -89.7164 
FIBER  1  2  1   5   -0.038   5.487   1.000  40.000  -89.7133 
FIBER  1  2  1   6    0.106   6.491   1.000  40.000  -89.7143 
FIBER  1  2  1   7    0.106   7.490   1.000  40.000  -89.7116 
FIBER  1  2  1   8    0.079   8.487   1.000  40.000  -89.7058 
FIBER  1  2  1   9    0.029   9.483   1.000  40.000  -89.7012 
FIBER  1  2  1  10   -0.025  10.482   1.000  40.000  -89.7015 
FIBER  1  2  1  11   -0.035  11.481   1.000  40.000  -89.6992 
FIBER  1  2  1  12   -0.006  12.477   1.000  40.000  -89.6933 
FIBER  1  2  1  13   -0.006  13.474   1.000  40.000  -89.6690 
FIBER  1  2  1  14   -0.006  14.477   1.000  40.000  -89.6300 
FIBER  1  2  1  15    0.032  15.476   1.000  40.000  -89.6339 
FIBER  1  2  1  16    0.022  16.477   1.000  40.000  -89.6341 
FIBER  1  2  1  17   -0.095  17.475   1.000  40.000  -89.6263 
FIBER  1  2  1  18   -0.089  18.474   1.000  40.000  -89.6229 
FIBER  1  2  1  19   -0.042  19.476   1.000  40.000  -89.6224 
FIBER  1  2  1  20   -0.014  20.477   1.000  40.000  -89.6255 
FIBER  1  2  1  21   -0.055  21.475   1.000  40.000  -89.6239 
FIBER  1  2  1  22    0.032  22.484   1.000  40.000  -89.6023 
FIBER  1  2  1  23   -0.001  23.482   1.000  40.000  -89.5735 
FIBER  1  2  1  24    0.120  24.480   1.000  40.000  -89.5692 
FIBER  1  2  1  25    0.160  25.479   1.000  40.000  -89.5538 
FIBER  1  2  1  26    0.029  26.469   1.000  40.000  -89.5314 
FIBER  1  2  1  27   -0.015  27.471   1.000  40.000  -89.5292 
FIBER  1  2  1  28   -0.126  28.472   1.000  40.000  -89.5103 
FIBER  1  2  1  29   -0.236  29.491   1.000  40.000  -89.5390 
FIBER  1  2  1  30   -0.125  30.537   1.000  40.000  -89.6017 
FIBER  1  2  1  31   -0.014  31.533   1.000  40.000  -89.5962 
FIBER  1  2  1  32   -0.040  32.535   1.000  40.000  -89.5890 
FIBER  1  2  1  33   -0.004  33.538   1.000  40.000  -89.5540 
FIBER  1  2  1  34    0.005  34.543   1.000  40.000  -89.5651 
FIBER  1  2  1  35   -0.026  35.541   1.000  40.000  -89.5591 
FIBER  1  2  1  36   -0.013  36.543   1.000  40.000  -89.5573 
FIBER  1  2  1  37   -0.013  37.540   1.000  40.000  -89.5476 
FIBER  1  2  1  38   -0.013  38.548   1.000  40.000  -89.5609 
FIBER  1  2  1  39    0.009  39.543   1.000  40.000  -89.4919 
FIBER  1  3  0   0   -0.073   0.062   1.000  40.000    0.0196 
FIBER  1  3  0   1    0.929   0.013   1.000  40.000    0.0098 
FIBER  1  3  0   2    1.924   0.052   1.000  40.000   -0.0001 
FIBER  1  3  0   3    2.921   0.104   1.000  40.000   -0.0314 
FIBER  1  3  0   4    3.925   0.094   1.000  40.000   -0.0367 
FIBER  1  3  0   5    4.923   0.097   1.000  40.000   -0.1026 
FIBER  1  3  0   6    5.922   0.104   1.000  40.000   -0.1499 
FIBER  1  3  0   7    6.919   0.115   1.000  40.000   -0.1640 
FIBER  1  3  0   8    7.915   0.097   1.000  40.000   -0.1720 
FIBER  1  3  0   9    8.988   0.055   1.000  40.000   -0.0679 
FIBER  1  3  0  10    9.992   0.073   1.000  40.000   -0.0573 
FIBER  1  3  0  11   10.989   0.073   1.000  40.000   -0.0573 
FIBER  1  3  0  12   11.991   0.080   1.000  40.000   -0.0625 
FIBER  1  3  0  13   12.992   0.087   1.000  40.000   -0.0678 
FIBER  1  3  0  14   13.993   0.115   1.000  40.000   -0.0587 
FIBER  1  3  0  15   14.990   0.128   1.000  40.000   -0.0652 
FIBER  1  3  0  16   15.994   0.083   1.000  40.000   -0.0508 
FIBER  1  3  0  17   17.053   0.059   1.000  40.000    0.0313 
FIBER  1  3  0  18   18.068   0.052   1.000  40.000    0.0365 
FIBER  1  3  0  19   19.094   0.013   1.000  40.000    0.0720 
FIBER  1  3  0  20   20.186   0.055   1.000  40.000    0.1711 
FIBER  1  3  0  21   21.312   0.042   1.000  40.000    0.2352 
FIBER  1  3  0  22   22.328   0.017   1.000  40.000    0.2576 
FIBER  1  3  0  23   23.348   0.024   1.000  40.000    0.2797 
FIBER  1  3  0  24   24.381   0.055   1.000  40.000    0.3125 
FIBER  1  3  0  25   25.407   0.090   1.000  40.000    0.3339 
FIBER  1  3  0  26   26.438   0.083   1.000  40.000    0.3243 
FIBER  1  3  0  27   27.451   0.021   1.000  40.000    0.3346 
FIBER  1  3  0  28   28.471   0.052   1.000  40.000    0.3450 
FIBER  1  3  0  29   29.491   0.097   1.000  40.000    0.3700 
FIBER  1  3  0  30   30.535   0.181   1.000  40.000    0.3632 
FIBER  1  3  0  31   31.541   0.177   1.000  40.000    0.3720 
FIBER  1  3  0  32   32.543   0.160   1.000  40.000    0.3657 
FIBER  1  3  0  33   33.554   0.181   1.000  40.000    0.3849 
FIBER  1  3  0  34   34.579   0.219   1.000  40.000    0.4212 
FIBER  1  3  0  35   35.594   0.195   1.000  40.000    0.4448 
FIBER  1  3  0  36   36.606   0.122   1.000  40.000    0.4623 
FIBER  1  3  0  37   37.608   0.128   1.000  40.000    0.4520 
FIBER  1  3  0  38   38.615   0.128   1.000  40.000    0.4465 
FIBER  1  3  0  39   39.617   0.167   1.000  40.000    0.4374 
FIBER  1  3  1   0    0.156  -0.027   1.000  40.000  -89.5466 
FIBER  1  3  1   1    0.105   0.979   1.000  40.000  -89.5549 
FIBER  1  3  1   2    0.064   1.996   1.000  40.000  -89.5630	
FIBER  1  3  1   3    0.001   2.995   1.000  40.000  -89.5598 
FIBER  1  3  1   4   -0.006   4.020   1.000  40.000  -89.5529 
FIBER  1  3  1   5    0.057   5.039   1.000  40.000  -89.5446 
FIBER  1  3  1   6   -0.006   6.032   1.000  40.000  -89.5344 
FIBER  1  3  1   7    0.220   7.035   1.000  40.000  -89.5318 
FIBER  1  3  1   8    0.213   8.034   1.000  40.000  -89.5352 
FIBER  1  3  1   9    0.022   9.027   1.000  40.000  -89.5289
FIBER  1  3  1  10    0.006  10.051   1.000  40.000  -89.5596 
FIBER  1  3  1  11   -0.077  11.080   1.000  40.000  -89.5735 
FIBER  1  3  1  12   -0.125  12.084   1.000  40.000  -89.5727 
FIBER  1  3  1  13   -0.125  13.116   1.000  40.000  -89.5928 
FIBER  1  3  1  14   -0.042  14.189   1.000  40.000  -89.5950 
FIBER  1  3  1  15   -0.028  15.232   1.000  40.000  -89.6067 
FIBER  1  3  1  16   -0.077  16.280   1.000  40.000  -89.6596 
FIBER  1  3  1  17   -0.132  17.302   1.000  40.000  -89.6407 
FIBER  1  3  1  18   -0.077  18.308   1.000  40.000  -89.6490 
FIBER  1  3  1  19   -0.063  19.357   1.000  40.000  -89.6917 
FIBER  1  3  1  20    0.041  20.422   1.000  40.000  -89.7757 
FIBER  1  3  1  21    0.041  21.479   1.000  40.000  -89.7936 
FIBER  1  3  1  22    0.006  22.491   1.000  40.000  -89.6597 
FIBER  1  3  1  23    0.006  23.564   1.000  40.000  -89.7135 
FIBER  1  3  1  24    0.041  24.629   1.000  40.000  -89.8067 
FIBER  1  3  1  25   -0.134  25.692   1.000  40.000  -89.8975 
FIBER  1  3  1  26   -0.097  26.731   1.000  40.000  -89.9543 
FIBER  1  3  1  27   -0.077  27.750   1.000  40.000  -89.9782 
FIBER  1  3  1  28   -0.104  28.784   1.000  40.000  -90.0326 
FIBER  1  3  1  29   -0.118  29.821   1.000  40.000  -90.0847 
FIBER  1  3  1  30   -0.118  30.815   1.000  40.000  -90.0698 
FIBER  1  3  1  31   -0.139  31.826   1.000  40.000  -90.0847 
FIBER  1  3  1  32   -0.070  32.830   1.000  40.000  -90.0765 
FIBER  1  3  1  33   -0.084  33.834   1.000  40.000  -90.0786 
FIBER  1  3  1  34   -0.091  34.831   1.000  40.000  -90.0703 
FIBER  1  3  1  35   -0.077  35.833   1.000  40.000  -90.0655 
FIBER  1  3  1  36   -0.070  36.837   1.000  40.000  -90.0766 
FIBER  1  3  1  37   -0.070  37.841   1.000  40.000  -90.0660 
FIBER  1  3  1  38   -0.077  38.917   1.000  40.000  -90.1576 
FIBER  1  3  1  39   -0.084  39.952   1.000  40.000  -90.2101 
DATA_END
