PARAM_START
FORMAT:  CONSCIFIPOSITION
TYPE:    1
VERSION: 0
DATE:    071026
COMMENT: 
PARAM_END

DATA_START
FIBER  0  0  0   0    0.000   0.000   1.000  20.000    0.0000 
FIBER  0  0  0   1    1.000   0.000   1.000  20.000    0.0000 
FIBER  0  0  0   2    2.000   0.000   1.000  20.000    0.0000 
FIBER  0  0  0   3    3.000   0.000   1.000  20.000    0.0000 
FIBER  0  0  0   4    4.000   0.000   1.000  20.000    0.0000 
FIBER  0  0  0   5    5.000   0.000   1.000  20.000    0.0000 
FIBER  0  0  0   6    6.000   0.000   1.000  20.000    0.0000 
FIBER  0  0  0   7    7.000   0.000   1.000  20.000    0.0000 
FIBER  0  0  0   8    8.000   0.000   1.000  20.000    0.0000 
FIBER  0  0  0   9    9.000   0.000   1.000  20.000    0.0000 
FIBER  0  0  0  10   10.000   0.000   1.000  20.000    0.0000 
FIBER  0  0  0  11   11.000   0.000   1.000  20.000    0.0000 
FIBER  0  0  0  12   12.000   0.000   1.000  20.000    0.0000 
FIBER  0  0  0  13   13.000   0.000   1.000  20.000    0.0000 
FIBER  0  0  0  14   14.000   0.000   1.000  20.000    0.0000 
FIBER  0  0  0  15   15.000   0.000   1.000  20.000    0.0000 
FIBER  0  0  0  16   16.000   0.000   1.000  20.000    0.0000 
FIBER  0  0  0  17   17.000   0.000   1.000  20.000    0.0000 
FIBER  0  0  0  18   18.000   0.000   1.000  20.000    0.0000 
FIBER  0  0  0  19   19.000   0.000   1.000  20.000    0.0000 
FIBER  0  0  1   0    0.000   1.000   1.000  20.000  -90.0000 
FIBER  0  0  1   1    0.000   2.000   1.000  20.000  -90.0000 
FIBER  0  0  1   2    0.000   3.000   1.000  20.000  -90.0000 
FIBER  0  0  1   3    0.000   4.000   1.000  20.000  -90.0000 
FIBER  0  0  1   4    0.000   5.000   1.000  20.000  -90.0000 
FIBER  0  0  1   5    0.000   6.000   1.000  20.000  -90.0000 
FIBER  0  0  1   6    0.000   7.000   1.000  20.000  -90.0000 
FIBER  0  0  1   7    0.000   8.000   1.000  20.000  -90.0000 
FIBER  0  0  1   8    0.000   9.000   1.000  20.000  -90.0000 
FIBER  0  0  1   9    0.000  10.000   1.000  20.000  -90.0000 
FIBER  0  0  1  10    0.000  11.000   1.000  20.000  -90.0000 
FIBER  0  0  1  11    0.000  12.000   1.000  20.000  -90.0000 
FIBER  0  0  1  12    0.000  13.000   1.000  20.000  -90.0000 
FIBER  0  0  1  13    0.000  14.000   1.000  20.000  -90.0000 
FIBER  0  0  1  14    0.000  15.000   1.000  20.000  -90.0000 
FIBER  0  0  1  15    0.000  16.000   1.000  20.000  -90.0000 
FIBER  0  0  1  16    0.000  17.000   1.000  20.000  -90.0000 
FIBER  0  0  1  17    0.000  18.000   1.000  20.000  -90.0000 
FIBER  0  0  1  18    0.000  19.000   1.000  20.000  -90.0000 
FIBER  0  0  1  19    0.000  20.000   1.000  20.000  -90.0000 
FIBER  0  1  0   0    0.000   0.000   1.000  20.000    0.0000 
FIBER  0  1  0   1    1.000   0.000   1.000  20.000    0.0000 
FIBER  0  1  0   2    2.000   0.000   1.000  20.000    0.0000 
FIBER  0  1  0   3    3.000   0.000   1.000  20.000    0.0000 
FIBER  0  1  0   4    4.000   0.000   1.000  20.000    0.0000 
FIBER  0  1  0   5    5.000   0.000   1.000  20.000    0.0000 
FIBER  0  1  0   6    6.000   0.000   1.000  20.000    0.0000 
FIBER  0  1  0   7    7.000   0.000   1.000  20.000    0.0000 
FIBER  0  1  0   8    8.000   0.000   1.000  20.000    0.0000 
FIBER  0  1  0   9    9.000   0.000   1.000  20.000    0.0000 
FIBER  0  1  0  10   10.000   0.000   1.000  20.000    0.0000 
FIBER  0  1  0  11   11.000   0.000   1.000  20.000    0.0000 
FIBER  0  1  0  12   12.000   0.000   1.000  20.000    0.0000 
FIBER  0  1  0  13   13.000   0.000   1.000  20.000    0.0000 
FIBER  0  1  0  14   14.000   0.000   1.000  20.000    0.0000 
FIBER  0  1  0  15   15.000   0.000   1.000  20.000    0.0000 
FIBER  0  1  0  16   16.000   0.000   1.000  20.000    0.0000 
FIBER  0  1  0  17   17.000   0.000   1.000  20.000    0.0000 
FIBER  0  1  0  18   18.000   0.000   1.000  20.000    0.0000 
FIBER  0  1  0  19   19.000   0.000   1.000  20.000    0.0000 
FIBER  0  1  1   0    0.000   1.000   1.000  20.000  -90.0000 
FIBER  0  1  1   1    0.000   2.000   1.000  20.000  -90.0000 
FIBER  0  1  1   2    0.000   3.000   1.000  20.000  -90.0000 
FIBER  0  1  1   3    0.000   4.000   1.000  20.000  -90.0000 
FIBER  0  1  1   4    0.000   5.000   1.000  20.000  -90.0000 
FIBER  0  1  1   5    0.000   6.000   1.000  20.000  -90.0000 
FIBER  0  1  1   6    0.000   7.000   1.000  20.000  -90.0000 
FIBER  0  1  1   7    0.000   8.000   1.000  20.000  -90.0000 
FIBER  0  1  1   8    0.000   9.000   1.000  20.000  -90.0000 
FIBER  0  1  1   9    0.000  10.000   1.000  20.000  -90.0000 
FIBER  0  1  1  10    0.000  11.000   1.000  20.000  -90.0000 
FIBER  0  1  1  11    0.000  12.000   1.000  20.000  -90.0000 
FIBER  0  1  1  12    0.000  13.000   1.000  20.000  -90.0000 
FIBER  0  1  1  13    0.000  14.000   1.000  20.000  -90.0000 
FIBER  0  1  1  14    0.000  15.000   1.000  20.000  -90.0000 
FIBER  0  1  1  15    0.000  16.000   1.000  20.000  -90.0000 
FIBER  0  1  1  16    0.000  17.000   1.000  20.000  -90.0000 
FIBER  0  1  1  17    0.000  18.000   1.000  20.000  -90.0000 
FIBER  0  1  1  18    0.000  19.000   1.000  20.000  -90.0000 
FIBER  0  1  1  19    0.000  20.000   1.000  20.000  -90.0000 
FIBER  0  2  0   0    0.000   0.000   1.000  20.000    0.0000 
FIBER  0  2  0   1    1.000   0.000   1.000  20.000    0.0000 
FIBER  0  2  0   2    2.000   0.000   1.000  20.000    0.0000 
FIBER  0  2  0   3    3.000   0.000   1.000  20.000    0.0000 
FIBER  0  2  0   4    4.000   0.000   1.000  20.000    0.0000 
FIBER  0  2  0   5    5.000   0.000   1.000  20.000    0.0000 
FIBER  0  2  0   6    6.000   0.000   1.000  20.000    0.0000 
FIBER  0  2  0   7    7.000   0.000   1.000  20.000    0.0000 
FIBER  0  2  0   8    8.000   0.000   1.000  20.000    0.0000 
FIBER  0  2  0   9    9.000   0.000   1.000  20.000    0.0000 
FIBER  0  2  0  10   10.000   0.000   1.000  20.000    0.0000 
FIBER  0  2  0  11   11.000   0.000   1.000  20.000    0.0000 
FIBER  0  2  0  12   12.000   0.000   1.000  20.000    0.0000 
FIBER  0  2  0  13   13.000   0.000   1.000  20.000    0.0000 
FIBER  0  2  0  14   14.000   0.000   1.000  20.000    0.0000 
FIBER  0  2  0  15   15.000   0.000   1.000  20.000    0.0000 
FIBER  0  2  0  16   16.000   0.000   1.000  20.000    0.0000 
FIBER  0  2  0  17   17.000   0.000   1.000  20.000    0.0000 
FIBER  0  2  0  18   18.000   0.000   1.000  20.000    0.0000 
FIBER  0  2  0  19   19.000   0.000   1.000  20.000    0.0000 
FIBER  0  2  1   0    0.000   1.000   1.000  20.000  -90.0000 
FIBER  0  2  1   1    0.000   2.000   1.000  20.000  -90.0000 
FIBER  0  2  1   2    0.000   3.000   1.000  20.000  -90.0000 
FIBER  0  2  1   3    0.000   4.000   1.000  20.000  -90.0000 
FIBER  0  2  1   4    0.000   5.000   1.000  20.000  -90.0000 
FIBER  0  2  1   5    0.000   6.000   1.000  20.000  -90.0000 
FIBER  0  2  1   6    0.000   7.000   1.000  20.000  -90.0000 
FIBER  0  2  1   7    0.000   8.000   1.000  20.000  -90.0000 
FIBER  0  2  1   8    0.000   9.000   1.000  20.000  -90.0000 
FIBER  0  2  1   9    0.000  10.000   1.000  20.000  -90.0000 
FIBER  0  2  1  10    0.000  11.000   1.000  20.000  -90.0000 
FIBER  0  2  1  11    0.000  12.000   1.000  20.000  -90.0000 
FIBER  0  2  1  12    0.000  13.000   1.000  20.000  -90.0000 
FIBER  0  2  1  13    0.000  14.000   1.000  20.000  -90.0000 
FIBER  0  2  1  14    0.000  15.000   1.000  20.000  -90.0000 
FIBER  0  2  1  15    0.000  16.000   1.000  20.000  -90.0000 
FIBER  0  2  1  16    0.000  17.000   1.000  20.000  -90.0000 
FIBER  0  2  1  17    0.000  18.000   1.000  20.000  -90.0000 
FIBER  0  2  1  18    0.000  19.000   1.000  20.000  -90.0000 
FIBER  0  2  1  19    0.000  20.000   1.000  20.000  -90.0000 
FIBER  0  3  0   0    0.000   0.000   1.000  20.000    0.0000 
FIBER  0  3  0   1    1.000   0.000   1.000  20.000    0.0000 
FIBER  0  3  0   2    2.000   0.000   1.000  20.000    0.0000 
FIBER  0  3  0   3    3.000   0.000   1.000  20.000    0.0000 
FIBER  0  3  0   4    4.000   0.000   1.000  20.000    0.0000 
FIBER  0  3  0   5    5.000   0.000   1.000  20.000    0.0000 
FIBER  0  3  0   6    6.000   0.000   1.000  20.000    0.0000 
FIBER  0  3  0   7    7.000   0.000   1.000  20.000    0.0000 
FIBER  0  3  0   8    8.000   0.000   1.000  20.000    0.0000 
FIBER  0  3  0   9    9.000   0.000   1.000  20.000    0.0000 
FIBER  0  3  0  10   10.000   0.000   1.000  20.000    0.0000 
FIBER  0  3  0  11   11.000   0.000   1.000  20.000    0.0000 
FIBER  0  3  0  12   12.000   0.000   1.000  20.000    0.0000 
FIBER  0  3  0  13   13.000   0.000   1.000  20.000    0.0000 
FIBER  0  3  0  14   14.000   0.000   1.000  20.000    0.0000 
FIBER  0  3  0  15   15.000   0.000   1.000  20.000    0.0000 
FIBER  0  3  0  16   16.000   0.000   1.000  20.000    0.0000 
FIBER  0  3  0  17   17.000   0.000   1.000  20.000    0.0000 
FIBER  0  3  0  18   18.000   0.000   1.000  20.000    0.0000 
FIBER  0  3  0  19   19.000   0.000   1.000  20.000    0.0000 
FIBER  0  3  1   0    0.000   1.000   1.000  20.000  -90.0000 
FIBER  0  3  1   1    0.000   2.000   1.000  20.000  -90.0000 
FIBER  0  3  1   2    0.000   3.000   1.000  20.000  -90.0000 
FIBER  0  3  1   3    0.000   4.000   1.000  20.000  -90.0000 
FIBER  0  3  1   4    0.000   5.000   1.000  20.000  -90.0000 
FIBER  0  3  1   5    0.000   6.000   1.000  20.000  -90.0000 
FIBER  0  3  1   6    0.000   7.000   1.000  20.000  -90.0000 
FIBER  0  3  1   7    0.000   8.000   1.000  20.000  -90.0000 
FIBER  0  3  1   8    0.000   9.000   1.000  20.000  -90.0000 
FIBER  0  3  1   9    0.000  10.000   1.000  20.000  -90.0000 
FIBER  0  3  1  10    0.000  11.000   1.000  20.000  -90.0000 
FIBER  0  3  1  11    0.000  12.000   1.000  20.000  -90.0000 
FIBER  0  3  1  12    0.000  13.000   1.000  20.000  -90.0000 
FIBER  0  3  1  13    0.000  14.000   1.000  20.000  -90.0000 
FIBER  0  3  1  14    0.000  15.000   1.000  20.000  -90.0000 
FIBER  0  3  1  15    0.000  16.000   1.000  20.000  -90.0000 
FIBER  0  3  1  16    0.000  17.000   1.000  20.000  -90.0000 
FIBER  0  3  1  17    0.000  18.000   1.000  20.000  -90.0000 
FIBER  0  3  1  18    0.000  19.000   1.000  20.000  -90.0000 
FIBER  0  3  1  19    0.000  20.000   1.000  20.000  -90.0000 
FIBER  1  0  0   0    0.000   0.000   1.000  40.000    0.0000 
FIBER  1  0  0   1    1.000   0.000   1.000  40.000    0.0000 
FIBER  1  0  0   2    2.000   0.000   1.000  40.000    0.0000 
FIBER  1  0  0   3    3.000   0.000   1.000  40.000    0.0000 
FIBER  1  0  0   4    4.000   0.000   1.000  40.000    0.0000 
FIBER  1  0  0   5    5.000   0.000   1.000  40.000    0.0000 
FIBER  1  0  0   6    6.000   0.000   1.000  40.000    0.0000 
FIBER  1  0  0   7    7.000   0.000   1.000  40.000    0.0000 
FIBER  1  0  0   8    8.000   0.000   1.000  40.000    0.0000 
FIBER  1  0  0   9    9.000   0.000   1.000  40.000    0.0000 
FIBER  1  0  0  10   10.000   0.000   1.000  40.000    0.0000 
FIBER  1  0  0  11   11.000   0.000   1.000  40.000    0.0000 
FIBER  1  0  0  12   12.000   0.000   1.000  40.000    0.0000 
FIBER  1  0  0  13   13.000   0.000   1.000  40.000    0.0000 
FIBER  1  0  0  14   14.000   0.000   1.000  40.000    0.0000 
FIBER  1  0  0  15   15.000   0.000   1.000  40.000    0.0000 
FIBER  1  0  0  16   16.000   0.000   1.000  40.000    0.0000 
FIBER  1  0  0  17   17.000   0.000   1.000  40.000    0.0000 
FIBER  1  0  0  18   18.000   0.000   1.000  40.000    0.0000 
FIBER  1  0  0  19   19.000   0.000   1.000  40.000    0.0000 
FIBER  1  0  0  20   20.000   0.000   1.000  40.000    0.0000 
FIBER  1  0  0  21   21.000   0.000   1.000  40.000    0.0000 
FIBER  1  0  0  22   22.000   0.000   1.000  40.000    0.0000 
FIBER  1  0  0  23   23.000   0.000   1.000  40.000    0.0000 
FIBER  1  0  0  24   24.000   0.000   1.000  40.000    0.0000 
FIBER  1  0  0  25   25.000   0.000   1.000  40.000    0.0000 
FIBER  1  0  0  26   26.000   0.000   1.000  40.000    0.0000 
FIBER  1  0  0  27   27.000   0.000   1.000  40.000    0.0000 
FIBER  1  0  0  28   28.000   0.000   1.000  40.000    0.0000 
FIBER  1  0  0  29   29.000   0.000   1.000  40.000    0.0000 
FIBER  1  0  0  30   30.000   0.000   1.000  40.000    0.0000 
FIBER  1  0  0  31   31.000   0.000   1.000  40.000    0.0000 
FIBER  1  0  0  32   32.000   0.000   1.000  40.000    0.0000 
FIBER  1  0  0  33   33.000   0.000   1.000  40.000    0.0000 
FIBER  1  0  0  34   34.000   0.000   1.000  40.000    0.0000 
FIBER  1  0  0  35   35.000   0.000   1.000  40.000    0.0000 
FIBER  1  0  0  36   36.000   0.000   1.000  40.000    0.0000 
FIBER  1  0  0  37   37.000   0.000   1.000  40.000    0.0000 
FIBER  1  0  0  38   38.000   0.000   1.000  40.000    0.0000 
FIBER  1  0  0  39   39.000   0.000   1.000  40.000    0.0000 
FIBER  1  0  1   0    0.000   1.000   1.000  40.000  -90.0000 
FIBER  1  0  1   1    0.000   2.000   1.000  40.000  -90.0000 
FIBER  1  0  1   2    0.000   3.000   1.000  40.000  -90.0000 
FIBER  1  0  1   3    0.000   4.000   1.000  40.000  -90.0000 
FIBER  1  0  1   4    0.000   5.000   1.000  40.000  -90.0000 
FIBER  1  0  1   5    0.000   6.000   1.000  40.000  -90.0000 
FIBER  1  0  1   6    0.000   7.000   1.000  40.000  -90.0000 
FIBER  1  0  1   7    0.000   8.000   1.000  40.000  -90.0000 
FIBER  1  0  1   8    0.000   9.000   1.000  40.000  -90.0000 
FIBER  1  0  1   9    0.000  10.000   1.000  40.000  -90.0000 
FIBER  1  0  1  10    0.000  11.000   1.000  40.000  -90.0000 
FIBER  1  0  1  11    0.000  12.000   1.000  40.000  -90.0000 
FIBER  1  0  1  12    0.000  13.000   1.000  40.000  -90.0000 
FIBER  1  0  1  13    0.000  14.000   1.000  40.000  -90.0000 
FIBER  1  0  1  14    0.000  15.000   1.000  40.000  -90.0000 
FIBER  1  0  1  15    0.000  16.000   1.000  40.000  -90.0000 
FIBER  1  0  1  16    0.000  17.000   1.000  40.000  -90.0000 
FIBER  1  0  1  17    0.000  18.000   1.000  40.000  -90.0000 
FIBER  1  0  1  18    0.000  19.000   1.000  40.000  -90.0000 
FIBER  1  0  1  19    0.000  20.000   1.000  40.000  -90.0000 
FIBER  1  0  1  20    0.000  21.000   1.000  40.000  -90.0000 
FIBER  1  0  1  21    0.000  22.000   1.000  40.000  -90.0000 
FIBER  1  0  1  22    0.000  23.000   1.000  40.000  -90.0000 
FIBER  1  0  1  23    0.000  24.000   1.000  40.000  -90.0000 
FIBER  1  0  1  24    0.000  25.000   1.000  40.000  -90.0000 
FIBER  1  0  1  25    0.000  26.000   1.000  40.000  -90.0000 
FIBER  1  0  1  26    0.000  27.000   1.000  40.000  -90.0000 
FIBER  1  0  1  27    0.000  28.000   1.000  40.000  -90.0000 
FIBER  1  0  1  28    0.000  29.000   1.000  40.000  -90.0000 
FIBER  1  0  1  29    0.000  30.000   1.000  40.000  -90.0000 
FIBER  1  0  1  30    0.000  31.000   1.000  40.000  -90.0000 
FIBER  1  0  1  31    0.000  32.000   1.000  40.000  -90.0000 
FIBER  1  0  1  32    0.000  33.000   1.000  40.000  -90.0000 
FIBER  1  0  1  33    0.000  34.000   1.000  40.000  -90.0000 
FIBER  1  0  1  34    0.000  35.000   1.000  40.000  -90.0000 
FIBER  1  0  1  35    0.000  36.000   1.000  40.000  -90.0000 
FIBER  1  0  1  36    0.000  37.000   1.000  40.000  -90.0000 
FIBER  1  0  1  37    0.000  38.000   1.000  40.000  -90.0000 
FIBER  1  0  1  38    0.000  39.000   1.000  40.000  -90.0000 
FIBER  1  0  1  39    0.000  40.000   1.000  40.000  -90.0000 
FIBER  1  1  0   0    0.000   0.000   1.000  40.000    0.0000 
FIBER  1  1  0   1    1.000   0.000   1.000  40.000    0.0000 
FIBER  1  1  0   2    2.000   0.000   1.000  40.000    0.0000 
FIBER  1  1  0   3    3.000   0.000   1.000  40.000    0.0000 
FIBER  1  1  0   4    4.000   0.000   1.000  40.000    0.0000 
FIBER  1  1  0   5    5.000   0.000   1.000  40.000    0.0000 
FIBER  1  1  0   6    6.000   0.000   1.000  40.000    0.0000 
FIBER  1  1  0   7    7.000   0.000   1.000  40.000    0.0000 
FIBER  1  1  0   8    8.000   0.000   1.000  40.000    0.0000 
FIBER  1  1  0   9    9.000   0.000   1.000  40.000    0.0000 
FIBER  1  1  0  10   10.000   0.000   1.000  40.000    0.0000 
FIBER  1  1  0  11   11.000   0.000   1.000  40.000    0.0000 
FIBER  1  1  0  12   12.000   0.000   1.000  40.000    0.0000 
FIBER  1  1  0  13   13.000   0.000   1.000  40.000    0.0000 
FIBER  1  1  0  14   14.000   0.000   1.000  40.000    0.0000 
FIBER  1  1  0  15   15.000   0.000   1.000  40.000    0.0000 
FIBER  1  1  0  16   16.000   0.000   1.000  40.000    0.0000 
FIBER  1  1  0  17   17.000   0.000   1.000  40.000    0.0000 
FIBER  1  1  0  18   18.000   0.000   1.000  40.000    0.0000 
FIBER  1  1  0  19   19.000   0.000   1.000  40.000    0.0000 
FIBER  1  1  0  20   20.000   0.000   1.000  40.000    0.0000 
FIBER  1  1  0  21   21.000   0.000   1.000  40.000    0.0000 
FIBER  1  1  0  22   22.000   0.000   1.000  40.000    0.0000 
FIBER  1  1  0  23   23.000   0.000   1.000  40.000    0.0000 
FIBER  1  1  0  24   24.000   0.000   1.000  40.000    0.0000 
FIBER  1  1  0  25   25.000   0.000   1.000  40.000    0.0000 
FIBER  1  1  0  26   26.000   0.000   1.000  40.000    0.0000 
FIBER  1  1  0  27   27.000   0.000   1.000  40.000    0.0000 
FIBER  1  1  0  28   28.000   0.000   1.000  40.000    0.0000 
FIBER  1  1  0  29   29.000   0.000   1.000  40.000    0.0000 
FIBER  1  1  0  30   30.000   0.000   1.000  40.000    0.0000 
FIBER  1  1  0  31   31.000   0.000   1.000  40.000    0.0000 
FIBER  1  1  0  32   32.000   0.000   1.000  40.000    0.0000 
FIBER  1  1  0  33   33.000   0.000   1.000  40.000    0.0000 
FIBER  1  1  0  34   34.000   0.000   1.000  40.000    0.0000 
FIBER  1  1  0  35   35.000   0.000   1.000  40.000    0.0000 
FIBER  1  1  0  36   36.000   0.000   1.000  40.000    0.0000 
FIBER  1  1  0  37   37.000   0.000   1.000  40.000    0.0000 
FIBER  1  1  0  38   38.000   0.000   1.000  40.000    0.0000 
FIBER  1  1  0  39   39.000   0.000   1.000  40.000    0.0000 
FIBER  1  1  1   0    0.000   1.000   1.000  40.000  -90.0000 
FIBER  1  1  1   1    0.000   2.000   1.000  40.000  -90.0000 
FIBER  1  1  1   2    0.000   3.000   1.000  40.000  -90.0000 
FIBER  1  1  1   3    0.000   4.000   1.000  40.000  -90.0000 
FIBER  1  1  1   4    0.000   5.000   1.000  40.000  -90.0000 
FIBER  1  1  1   5    0.000   6.000   1.000  40.000  -90.0000 
FIBER  1  1  1   6    0.000   7.000   1.000  40.000  -90.0000 
FIBER  1  1  1   7    0.000   8.000   1.000  40.000  -90.0000 
FIBER  1  1  1   8    0.000   9.000   1.000  40.000  -90.0000 
FIBER  1  1  1   9    0.000  10.000   1.000  40.000  -90.0000 
FIBER  1  1  1  10    0.000  11.000   1.000  40.000  -90.0000 
FIBER  1  1  1  11    0.000  12.000   1.000  40.000  -90.0000 
FIBER  1  1  1  12    0.000  13.000   1.000  40.000  -90.0000 
FIBER  1  1  1  13    0.000  14.000   1.000  40.000  -90.0000 
FIBER  1  1  1  14    0.000  15.000   1.000  40.000  -90.0000 
FIBER  1  1  1  15    0.000  16.000   1.000  40.000  -90.0000 
FIBER  1  1  1  16    0.000  17.000   1.000  40.000  -90.0000 
FIBER  1  1  1  17    0.000  18.000   1.000  40.000  -90.0000 
FIBER  1  1  1  18    0.000  19.000   1.000  40.000  -90.0000 
FIBER  1  1  1  19    0.000  20.000   1.000  40.000  -90.0000 
FIBER  1  1  1  20    0.000  21.000   1.000  40.000  -90.0000 
FIBER  1  1  1  21    0.000  22.000   1.000  40.000  -90.0000 
FIBER  1  1  1  22    0.000  23.000   1.000  40.000  -90.0000 
FIBER  1  1  1  23    0.000  24.000   1.000  40.000  -90.0000 
FIBER  1  1  1  24    0.000  25.000   1.000  40.000  -90.0000 
FIBER  1  1  1  25    0.000  26.000   1.000  40.000  -90.0000 
FIBER  1  1  1  26    0.000  27.000   1.000  40.000  -90.0000 
FIBER  1  1  1  27    0.000  28.000   1.000  40.000  -90.0000 
FIBER  1  1  1  28    0.000  29.000   1.000  40.000  -90.0000 
FIBER  1  1  1  29    0.000  30.000   1.000  40.000  -90.0000 
FIBER  1  1  1  30    0.000  31.000   1.000  40.000  -90.0000 
FIBER  1  1  1  31    0.000  32.000   1.000  40.000  -90.0000 
FIBER  1  1  1  32    0.000  33.000   1.000  40.000  -90.0000 
FIBER  1  1  1  33    0.000  34.000   1.000  40.000  -90.0000 
FIBER  1  1  1  34    0.000  35.000   1.000  40.000  -90.0000 
FIBER  1  1  1  35    0.000  36.000   1.000  40.000  -90.0000 
FIBER  1  1  1  36    0.000  37.000   1.000  40.000  -90.0000 
FIBER  1  1  1  37    0.000  38.000   1.000  40.000  -90.0000 
FIBER  1  1  1  38    0.000  39.000   1.000  40.000  -90.0000 
FIBER  1  1  1  39    0.000  40.000   1.000  40.000  -90.0000 
FIBER  1  2  0   0    0.000   0.000   1.000  40.000    0.0000 
FIBER  1  2  0   1    1.000   0.000   1.000  40.000    0.0000 
FIBER  1  2  0   2    2.000   0.000   1.000  40.000    0.0000 
FIBER  1  2  0   3    3.000   0.000   1.000  40.000    0.0000 
FIBER  1  2  0   4    4.000   0.000   1.000  40.000    0.0000 
FIBER  1  2  0   5    5.000   0.000   1.000  40.000    0.0000 
FIBER  1  2  0   6    6.000   0.000   1.000  40.000    0.0000 
FIBER  1  2  0   7    7.000   0.000   1.000  40.000    0.0000 
FIBER  1  2  0   8    8.000   0.000   1.000  40.000    0.0000 
FIBER  1  2  0   9    9.000   0.000   1.000  40.000    0.0000 
FIBER  1  2  0  10   10.000   0.000   1.000  40.000    0.0000 
FIBER  1  2  0  11   11.000   0.000   1.000  40.000    0.0000 
FIBER  1  2  0  12   12.000   0.000   1.000  40.000    0.0000 
FIBER  1  2  0  13   13.000   0.000   1.000  40.000    0.0000 
FIBER  1  2  0  14   14.000   0.000   1.000  40.000    0.0000 
FIBER  1  2  0  15   15.000   0.000   1.000  40.000    0.0000 
FIBER  1  2  0  16   16.000   0.000   1.000  40.000    0.0000 
FIBER  1  2  0  17   17.000   0.000   1.000  40.000    0.0000 
FIBER  1  2  0  18   18.000   0.000   1.000  40.000    0.0000 
FIBER  1  2  0  19   19.000   0.000   1.000  40.000    0.0000 
FIBER  1  2  0  20   20.000   0.000   1.000  40.000    0.0000 
FIBER  1  2  0  21   21.000   0.000   1.000  40.000    0.0000 
FIBER  1  2  0  22   22.000   0.000   1.000  40.000    0.0000 
FIBER  1  2  0  23   23.000   0.000   1.000  40.000    0.0000 
FIBER  1  2  0  24   24.000   0.000   1.000  40.000    0.0000 
FIBER  1  2  0  25   25.000   0.000   1.000  40.000    0.0000 
FIBER  1  2  0  26   26.000   0.000   1.000  40.000    0.0000 
FIBER  1  2  0  27   27.000   0.000   1.000  40.000    0.0000 
FIBER  1  2  0  28   28.000   0.000   1.000  40.000    0.0000 
FIBER  1  2  0  29   29.000   0.000   1.000  40.000    0.0000 
FIBER  1  2  0  30   30.000   0.000   1.000  40.000    0.0000 
FIBER  1  2  0  31   31.000   0.000   1.000  40.000    0.0000 
FIBER  1  2  0  32   32.000   0.000   1.000  40.000    0.0000 
FIBER  1  2  0  33   33.000   0.000   1.000  40.000    0.0000 
FIBER  1  2  0  34   34.000   0.000   1.000  40.000    0.0000 
FIBER  1  2  0  35   35.000   0.000   1.000  40.000    0.0000 
FIBER  1  2  0  36   36.000   0.000   1.000  40.000    0.0000 
FIBER  1  2  0  37   37.000   0.000   1.000  40.000    0.0000 
FIBER  1  2  0  38   38.000   0.000   1.000  40.000    0.0000 
FIBER  1  2  0  39   39.000   0.000   1.000  40.000    0.0000 
FIBER  1  2  1   0    0.000   1.000   1.000  40.000  -90.0000 
FIBER  1  2  1   1    0.000   2.000   1.000  40.000  -90.0000 
FIBER  1  2  1   2    0.000   3.000   1.000  40.000  -90.0000 
FIBER  1  2  1   3    0.000   4.000   1.000  40.000  -90.0000 
FIBER  1  2  1   4    0.000   5.000   1.000  40.000  -90.0000 
FIBER  1  2  1   5    0.000   6.000   1.000  40.000  -90.0000 
FIBER  1  2  1   6    0.000   7.000   1.000  40.000  -90.0000 
FIBER  1  2  1   7    0.000   8.000   1.000  40.000  -90.0000 
FIBER  1  2  1   8    0.000   9.000   1.000  40.000  -90.0000 
FIBER  1  2  1   9    0.000  10.000   1.000  40.000  -90.0000 
FIBER  1  2  1  10    0.000  11.000   1.000  40.000  -90.0000 
FIBER  1  2  1  11    0.000  12.000   1.000  40.000  -90.0000 
FIBER  1  2  1  12    0.000  13.000   1.000  40.000  -90.0000 
FIBER  1  2  1  13    0.000  14.000   1.000  40.000  -90.0000 
FIBER  1  2  1  14    0.000  15.000   1.000  40.000  -90.0000 
FIBER  1  2  1  15    0.000  16.000   1.000  40.000  -90.0000 
FIBER  1  2  1  16    0.000  17.000   1.000  40.000  -90.0000 
FIBER  1  2  1  17    0.000  18.000   1.000  40.000  -90.0000 
FIBER  1  2  1  18    0.000  19.000   1.000  40.000  -90.0000 
FIBER  1  2  1  19    0.000  20.000   1.000  40.000  -90.0000 
FIBER  1  2  1  20    0.000  21.000   1.000  40.000  -90.0000 
FIBER  1  2  1  21    0.000  22.000   1.000  40.000  -90.0000 
FIBER  1  2  1  22    0.000  23.000   1.000  40.000  -90.0000 
FIBER  1  2  1  23    0.000  24.000   1.000  40.000  -90.0000 
FIBER  1  2  1  24    0.000  25.000   1.000  40.000  -90.0000 
FIBER  1  2  1  25    0.000  26.000   1.000  40.000  -90.0000 
FIBER  1  2  1  26    0.000  27.000   1.000  40.000  -90.0000 
FIBER  1  2  1  27    0.000  28.000   1.000  40.000  -90.0000 
FIBER  1  2  1  28    0.000  29.000   1.000  40.000  -90.0000 
FIBER  1  2  1  29    0.000  30.000   1.000  40.000  -90.0000 
FIBER  1  2  1  30    0.000  31.000   1.000  40.000  -90.0000 
FIBER  1  2  1  31    0.000  32.000   1.000  40.000  -90.0000 
FIBER  1  2  1  32    0.000  33.000   1.000  40.000  -90.0000 
FIBER  1  2  1  33    0.000  34.000   1.000  40.000  -90.0000 
FIBER  1  2  1  34    0.000  35.000   1.000  40.000  -90.0000 
FIBER  1  2  1  35    0.000  36.000   1.000  40.000  -90.0000 
FIBER  1  2  1  36    0.000  37.000   1.000  40.000  -90.0000 
FIBER  1  2  1  37    0.000  38.000   1.000  40.000  -90.0000 
FIBER  1  2  1  38    0.000  39.000   1.000  40.000  -90.0000 
FIBER  1  2  1  39    0.000  40.000   1.000  40.000  -90.0000 
FIBER  1  3  0   0    0.000   0.000   1.000  40.000    0.0000 
FIBER  1  3  0   1    1.000   0.000   1.000  40.000    0.0000 
FIBER  1  3  0   2    2.000   0.000   1.000  40.000    0.0000 
FIBER  1  3  0   3    3.000   0.000   1.000  40.000    0.0000 
FIBER  1  3  0   4    4.000   0.000   1.000  40.000    0.0000 
FIBER  1  3  0   5    5.000   0.000   1.000  40.000    0.0000 
FIBER  1  3  0   6    6.000   0.000   1.000  40.000    0.0000 
FIBER  1  3  0   7    7.000   0.000   1.000  40.000    0.0000 
FIBER  1  3  0   8    8.000   0.000   1.000  40.000    0.0000 
FIBER  1  3  0   9    9.000   0.000   1.000  40.000    0.0000 
FIBER  1  3  0  10   10.000   0.000   1.000  40.000    0.0000 
FIBER  1  3  0  11   11.000   0.000   1.000  40.000    0.0000 
FIBER  1  3  0  12   12.000   0.000   1.000  40.000    0.0000 
FIBER  1  3  0  13   13.000   0.000   1.000  40.000    0.0000 
FIBER  1  3  0  14   14.000   0.000   1.000  40.000    0.0000 
FIBER  1  3  0  15   15.000   0.000   1.000  40.000    0.0000 
FIBER  1  3  0  16   16.000   0.000   1.000  40.000    0.0000 
FIBER  1  3  0  17   17.000   0.000   1.000  40.000    0.0000 
FIBER  1  3  0  18   18.000   0.000   1.000  40.000    0.0000 
FIBER  1  3  0  19   19.000   0.000   1.000  40.000    0.0000 
FIBER  1  3  0  20   20.000   0.000   1.000  40.000    0.0000 
FIBER  1  3  0  21   21.000   0.000   1.000  40.000    0.0000 
FIBER  1  3  0  22   22.000   0.000   1.000  40.000    0.0000 
FIBER  1  3  0  23   23.000   0.000   1.000  40.000    0.0000 
FIBER  1  3  0  24   24.000   0.000   1.000  40.000    0.0000 
FIBER  1  3  0  25   25.000   0.000   1.000  40.000    0.0000 
FIBER  1  3  0  26   26.000   0.000   1.000  40.000    0.0000 
FIBER  1  3  0  27   27.000   0.000   1.000  40.000    0.0000 
FIBER  1  3  0  28   28.000   0.000   1.000  40.000    0.0000 
FIBER  1  3  0  29   29.000   0.000   1.000  40.000    0.0000 
FIBER  1  3  0  30   30.000   0.000   1.000  40.000    0.0000 
FIBER  1  3  0  31   31.000   0.000   1.000  40.000    0.0000 
FIBER  1  3  0  32   32.000   0.000   1.000  40.000    0.0000 
FIBER  1  3  0  33   33.000   0.000   1.000  40.000    0.0000 
FIBER  1  3  0  34   34.000   0.000   1.000  40.000    0.0000 
FIBER  1  3  0  35   35.000   0.000   1.000  40.000    0.0000 
FIBER  1  3  0  36   36.000   0.000   1.000  40.000    0.0000 
FIBER  1  3  0  37   37.000   0.000   1.000  40.000    0.0000 
FIBER  1  3  0  38   38.000   0.000   1.000  40.000    0.0000 
FIBER  1  3  0  39   39.000   0.000   1.000  40.000    0.0000 
FIBER  1  3  1   0    0.000   1.000   1.000  40.000  -90.0000 
FIBER  1  3  1   1    0.000   2.000   1.000  40.000  -90.0000 
FIBER  1  3  1   2    0.000   3.000   1.000  40.000  -90.0000 
FIBER  1  3  1   3    0.000   4.000   1.000  40.000  -90.0000 
FIBER  1  3  1   4    0.000   5.000   1.000  40.000  -90.0000 
FIBER  1  3  1   5    0.000   6.000   1.000  40.000  -90.0000 
FIBER  1  3  1   6    0.000   7.000   1.000  40.000  -90.0000 
FIBER  1  3  1   7    0.000   8.000   1.000  40.000  -90.0000 
FIBER  1  3  1   8    0.000   9.000   1.000  40.000  -90.0000 
FIBER  1  3  1   9    0.000  10.000   1.000  40.000  -90.0000 
FIBER  1  3  1  10    0.000  11.000   1.000  40.000  -90.0000 
FIBER  1  3  1  11    0.000  12.000   1.000  40.000  -90.0000 
FIBER  1  3  1  12    0.000  13.000   1.000  40.000  -90.0000 
FIBER  1  3  1  13    0.000  14.000   1.000  40.000  -90.0000 
FIBER  1  3  1  14    0.000  15.000   1.000  40.000  -90.0000 
FIBER  1  3  1  15    0.000  16.000   1.000  40.000  -90.0000 
FIBER  1  3  1  16    0.000  17.000   1.000  40.000  -90.0000 
FIBER  1  3  1  17    0.000  18.000   1.000  40.000  -90.0000 
FIBER  1  3  1  18    0.000  19.000   1.000  40.000  -90.0000 
FIBER  1  3  1  19    0.000  20.000   1.000  40.000  -90.0000 
FIBER  1  3  1  20    0.000  21.000   1.000  40.000  -90.0000 
FIBER  1  3  1  21    0.000  22.000   1.000  40.000  -90.0000 
FIBER  1  3  1  22    0.000  23.000   1.000  40.000  -90.0000 
FIBER  1  3  1  23    0.000  24.000   1.000  40.000  -90.0000 
FIBER  1  3  1  24    0.000  25.000   1.000  40.000  -90.0000 
FIBER  1  3  1  25    0.000  26.000   1.000  40.000  -90.0000 
FIBER  1  3  1  26    0.000  27.000   1.000  40.000  -90.0000 
FIBER  1  3  1  27    0.000  28.000   1.000  40.000  -90.0000 
FIBER  1  3  1  28    0.000  29.000   1.000  40.000  -90.0000 
FIBER  1  3  1  29    0.000  30.000   1.000  40.000  -90.0000 
FIBER  1  3  1  30    0.000  31.000   1.000  40.000  -90.0000 
FIBER  1  3  1  31    0.000  32.000   1.000  40.000  -90.0000 
FIBER  1  3  1  32    0.000  33.000   1.000  40.000  -90.0000 
FIBER  1  3  1  33    0.000  34.000   1.000  40.000  -90.0000 
FIBER  1  3  1  34    0.000  35.000   1.000  40.000  -90.0000 
FIBER  1  3  1  35    0.000  36.000   1.000  40.000  -90.0000 
FIBER  1  3  1  36    0.000  37.000   1.000  40.000  -90.0000 
FIBER  1  3  1  37    0.000  38.000   1.000  40.000  -90.0000 
FIBER  1  3  1  38    0.000  39.000   1.000  40.000  -90.0000 
FIBER  1  3  1  39    0.000  40.000   1.000  40.000  -90.0000 
DATA_END
