PARAM_START
FORMAT_TYPE: SCINTI_POSITION
FORMAT: 001
VERSION: 003
DATE: 080402
PERSON: Watanabe Hironori
COMMENT: only 3 data were modified by H.MENJO
        32mm-06
	32mm-13
	32mm-12
PARAM_END

FORMAT_START
NDATA: 10
A  #D  #SS #S #S-No  #C0 #C1 #C2 #C3 #C4 #C5 #C6 #C7 #C8 #C9
FORMAT_END

DATA_START
 
A 0 40 0 14 161.772  0.565998  0.000197251  -0.000515615  -1.86117    -0.0524606  0.000961568   0.00590873  0.00146543   -0.00208512
A 0 40 0 0  192.117  0.744599  -0.00242817  -0.000595317  -1.91147    -0.0577379  -0.00050003   0.0129523   0.00327295   -0.00256169
A 0 40 0 1  166.267  0.501251  -0.0050413   -0.000438048  -1.58811    -0.0600212  0.000304976   0.00720341  0.00214261   -0.00223724
A 0 40 0 13 169.379  0.629392  -0.0139202   -0.00138056   -1.56202    -0.0562123  -0.000450428  0.0209815   0.0023741    -0.00258366
A 0 40 0 15 195.058  0.851481  -0.00903771  -0.000971965  -2.41882    -0.0768027  0.00127692    0.0243524   0.00252596   -0.0033077
A 0 40 0 10 184.509  0.517864  -0.00537348  -0.000634413  -1.5897     -0.0712967  -0.000231305  0.0195208   0.00232921   -0.00265815
A 0 40 0 2  187.214  0.65083   -0.00558869  -0.00100421   -1.86885    -0.0662297  0.00019302    0.0209971   0.00220954   -0.00243031
A 0 40 0 11 166.979  0.79457   0.00716632   -0.000407731  -1.55058    -0.0639515  -0.000142929  0.0121481   0.00146833   -0.00265212
A 0 40 0 12 146.694  0.519413  0.0079417    -0.000125485  -1.1806     -0.0630336  -0.000773734  0.0104909   0.00190158   -0.00214024
A 0 40 0 4  159.642  0.742051  0.00368376   -0.000474675  -1.6681     -0.0527228  0.000448045   0.00636718  0.00163707   -0.00268717
A 0 40 0 3  158.582  0.576165  -0.00324619  -0.000277381  -1.05376    -0.0674766  -0.000638792  0.024123    0.00184894   -0.00279439
A 0 40 0 8  155.559  0.483491  -0.00605634  -0.000473657  -1.29973    -0.0532622  0.000219911   0.0178316   0.00151154   -0.00237844
A 0 40 0 9  105.865  0.430306  -0.00143015  -0.000240492  -1.20897    -0.0473403  0.000397      0.00741891  0.00125066   -0.00198935
A 0 40 0 5  155.483  0.457482  -0.00297828  -0.000503093  -1.33266    -0.0524326  -0.000128665  0.0113939   0.00166331   -0.00211967
A 0 40 0 6  153.467  0.622963  -0.00745118  -0.000670197  -1.70444    -0.054846   0.000870194   0.0102177   0.00148039   -0.00209843
A 0 40 0 7  137.963  0.696891  0.00294764   -0.000877445  -1.39066    -0.0559872  7.31117e-05   0.0104528   0.00192559   -0.00190834
A 0 20 1 12 159.734  1.00066   -0.0354467   -0.00261021    0.851708    -0.125406  -0.00897754   0.0541125   0.000561188  -0.0312251
A 0 20 1 0  130.427  0.612062  -0.0236177  -0.0100326     -0.0586768  -0.0940024  0.00229053    0.0208039   -0.00136507  -0.0105886
A 0 20 1 1  143.991  1.04551   -0.0427459  -0.00357282    0.741459    -0.0910022  -0.00803616   0.00412973  -0.00584509  -0.0276738
A 0 20 1 14 133.247  0.877919  -0.036      -0.0028813     0.770789    -0.0774181  -0.00578847   0.00377963  -0.0022242   -0.0262692
A 0 20 1 15 151.461  0.852898  -0.0611306  -0.00458147    -0.530413   -0.123472   0.00242826    0.017435    0.00142645   -0.0236964
A 1 20 1 9  139.763  0.72546   -0.0222016  -0.00117128    0.399769    -0.106696   0.0013712    -0.00174362  -0.00025239  -0.0244999
A 0 20 1 2  117.076  0.385776  -0.0530543  0.00320036     0.354755    -0.0730717  -0.00331268   0.0379636   -0.00745724  -0.0190995
A 0 20 1 10 119.01   0.660322  -0.032471   -0.00329878    0.700651    -0.0880935  -0.00878817   -0.0235455  -0.00106304  -0.0154548
A 0 20 1 11 111.742  0.511328  -0.0357512  0.00093895     0.783142    -0.0490837  -0.00568634   0.027325    -0.00370947  -0.0182681
A 0 20 1 3  111.813  0.644795  -0.0263799  -0.0021548     0.84833     -0.0765776  -0.00784446   0.00494992  0.00456764   -0.0190819
A 0 20 1 4  127.078  1.04174   -0.0271571  -0.00360454    0.145148    -0.126506   0.00178387    -0.0288379  -0.00166228  -0.0299821
A 0 20 1 6  150.368  0.487962  -0.049239   0.00863536     -0.0627223  -0.167807   0.00912263    0.0256368   -0.00358353  -0.0265433
A 0 20 1 7  98.7695  0.664489  -0.0192174  -0.00141078    0.0899781   -0.105607   -0.000499857  -0.0251025  -0.00326547  -0.0211945
A 0 20 1 5  127.569  0.567083  0.0106385   0.0043842      0.0221613   -0.12053    0.00274944    0.0145504   -0.000257128 -0.0242588
A 0 20 1 8  125.054  0.308937  -0.050039   -0.00259403    0.767172    -0.0935168  -0.00548315   0.0467024   0.00639259   -0.0129197
A 0 20 1 13 137.842  0.60364   -0.0160183  0.00139162     -1.16544    -0.132794   0.0103707     -0.0207676  0.00334242   -0.0249683
A 1 32 2 1  120.149  0.54791   -0.0029394  -0.00054764    0.286461    -0.0330332  -0.00068382   0.00848981  -0.000369597 -0.00574963
A 1 32 2 0  128.321  0.470419  -0.00798699 0.000368028    0.379127    -0.0312086  -0.00083052   0.00374964  0.000511913  -0.00535836
A 1 32 2 8  113.953  0.517963  -0.00660018 -0.000473202   -0.432704   -0.0356185  4.3482e-05    0.00361593  -0.000557811 -0.00569615
A 1 32 2 3  122.218  0.543444  -0.0130779  -0.000757256   0.134054    -0.0204685  -6.1514e-05   0.00395669  -0.0009065   -0.00392235
A 1 32 2 4  94.2337  0.509348  -0.00641285 -0.00125719    -0.209372   -0.0234223  0.0006841     0.00296438  0.000648406  -0.0046353
A 1 32 2 6  127.515  0.546091  -0.00619246 -0.000277893   0.468495    -0.0359082  -0.000615922   -0.00296167 -3.73056e-05 -0.00546353
A 1 32 2 11 126.699  0.673935  -0.0170663  -0.00113261    -0.331208   -0.0476997  0.0005786     0.000801924 -0.000362447 -0.0064704
A 1 32 2 9  142.85   0.662812  -0.0143631  -0.000812478   0.355986    -0.0433121  -0.00064289   0.00504729  -0.000354513 -0.00636735
A 1 32 2 10 141.584  0.727991  -0.0106401  -0.000153596   0.165964    -0.0530579  -0.0004653    0.00217439  0.000294857  -0.00758984
#A 1 32 2 13 140.899  0.543487  -0.00627268 0.000679921    -0.0266045  -0.0378189  -0.000881608   0.0132041   -0.000623009 -0.00600718
A  1 32 2 13      140.695     0.514755  -0.00557684  0.000993473   -0.0666016   -0.0336277 -0.000444394   0.00915769 -0.000514632  -0.00650625
A 1 32 2 14 144.364  0.613885  -0.0044518  -0.000219873   -0.25322    -0.0402409  0.00018344    -0.00337421 -0.0010959   -0.0068933
A 1 32 2 2  126.507  0.283592  -0.000203044 0.00083971    0.230048    0.02468     0.0010261     0.0064849   -0.000431768 -0.00337517
A 1 32 2 5  89.6563  0.18441   -0.00988566  0.00110187    -0.0911669  0.0313278   -0.00024258   -0.00701952 -0.000794857 -0.00318574
A 1 32 2 12 97.3256  0.31121   -0.000705436 0.000193339   0.164034    0.017747    3.75632e-5    0.000679409  0.00015925  -0.00349433
A 1 32 2 15 125.445  0.383666  0.0023446    -0.000103351  0.206553    0.0314878   0.0014408     0.00797564   -0.0005541  -0.00281551
A 1 32 2 7  127.942  0.349025  -0.0114129   0.000290522   -0.291997  -0.0213838   1.8840e-05    -0.000473498 0.000174836 -0.00444231
A 1 25 3 0  104.675  0.811726  -0.0108652  -0.00179297    0.562297    -0.050326   -0.000486472  0.00979464  0.000461452  -0.0122415
A 1 25 3 9  147.561  0.795631  -0.0151118  0.000124195    -0.168596   -0.0920646  -0.00004531   0.00703516  -0.00292911  -0.0147932
A 1 25 3 6  152.905  1.04951   -0.00623042 -0.00205884    0.442366    -0.0905576  -0.00081552   0.00890558  -0.00369122  -0.0167138
A 1 25 3 7  156.622  0.790574  0.00259565  -0.000216927   0.835069    -0.0691807  -0.0047179    0.016524    1.89039e-05  -0.0161742
A 1 25 3 8  117.638  0.66395   -0.00636777 0.0003929      0.131831    -0.0600354  0.00040184    -0.0150826  0.000174911  -0.0117112
A 1 25 3 10 115.692  0.786898  -0.00118455 -0.00221558    0.193599    -0.0658429  0.00010984    0.017123    0.00229842   -0.0129566
A 1 25 3 1  122.208  0.934153  -0.010422   -0.00211577    0.245336    -0.0638073  -0.00097905   0.00901963  -0.000975481 -0.0120685
A 1 25 3 3  128.778  0.814277  -0.0179258  -0.00147198    0.149303    -0.0715314  0.0006803     0.00585222  -0.000603998 -0.0134269
A 1 25 3 4  112.445  0.628828  -0.00562659 -0.00221291    -0.0403979  -0.0412635  6.1185e-05    0.00756762  -0.000786381 -0.00810128
A 1 25 3 11 137.367  0.734878  -0.00740762 -0.000331043   -0.147438   -0.0559692  -0.00238016   0.00861928  0.00147771   -0.0115758
A 1 25 3 13 136.508  0.747432  -0.0282951  -0.00198078    0.788837    -0.0821283  -0.0032132    0.00556892  0.00213634   -0.0137412
A 1 25 3 14 142.953  0.469437  -0.0215992  -0.000309139   -0.267072   -0.0676033  0.00090904    0.00792924  0.000414659  -0.0100236
A 1 25 3 2  124.995  0.390202  0.0056512   -0.00120878    -0.310655   0.0716507   0.002749      0.0121527   0.000227744  -0.00685637
A 1 25 3 5  100.82   0.0042508 -0.0160066  0.00138806     -0.00268615 0.0628427   -0.002524     0.0038018   0.00140813   -0.0020524
A 1 25 3 12 121.872  0.349973  -0.0103061  0.00050683     0.0270682   0.0299168   -0.002507     -0.00594646 0.000631523  -0.0062714
A 1 25 3 15 126.116  -0.094697 -0.00315672 0.00398415     0.0175121   0.068406    -0.0031061    0.014849    0.00365856   -0.00438633


DATA_END

#D     =  Ditecter No.( 0->Detector1 20mm and 40mm tower , 1->Detector2 25mm and 32mm tower )
#SS    =  Scinti Size
#S     =  Scinti Size No. (  0 -> 40mm  ,  1 -> 20mm , 2 -> 32mm , 3 -> 25mm)
#S-No  =  Scinti No.

2D Fit function
 #C0 + #C1*x + #C2*x^2 + #C3*x^3 + #C4*y + #C5*y^2 + #C6*y^3 + #C7*xy + #C8*x^2y + #C9*xy^2

