PARAM_START
FORMAT_TYPE: PMT_GAIN
FORMAT: 002
VERSION: 004
DATE: 060812
PERSON: Matsumoto Hidenori     
PARAM_END


FORMAT_START
NDATA: 17
D　   #D #SS #S #S-No #SN  #DN    #G1100   #G1000  #G800    #G600   #G550 
#G500   #G475   #G450   #G425  #G400   #G375
FORMAT_END
   #D #SS #S #S-No #SN  #DN    #G1100   #G1000  #G800    #G600   #G550   #G500   #G475   #G450   #G425  #G400   #G375


DATA_START
D  1  40 0   0  AQ6946    5     13.1550  8.1628  2.5243  0.4942  0.2955  0.1685  0.1239  0.0890  0.0621  0.0428  0.0282
D  1  40 0   1  AQ5670    4     12.8575  8.0698  2.4934  0.4983  0.3006  0.1724  0.1273  0.0925  0.0647  0.0443  0.0293
D  1  40 0   2  AQ6224   12     11.3731  6.6512  2.1907  0.4348  0.2641  0.1516  0.1112  0.0800  0.0568  0.0388  0.0256
D  1  40 0   3  AQ6277   15      9.3368  5.8023  1.8168  0.3442  0.2085  0.1181  0.0860  0.0625  0.0438  0.0297  0.0196
D  1  40 0   4  AQ7240    7     12.6296  7.3605  2.0413  0.3436  0.1986  0.1075  0.0778  0.0547  0.0373  0.0252  0.0163
D  1  40 0   5  AQ4426   11     11.8011  6.8488  1.7104  0.2706  0.1539  0.0830  0.0589  0.0407  0.0282  0.0187  0.0122
D  1  40 0   6  AQ5445    8     12.4763  7.2907  1.9522  0.3226  0.1857  0.1023  0.0732  0.0516  0.0361  0.0241  0.0156
D  1  40 0   7  AQ5458    9     11.9013  7.1163  1.9377  0.3436  0.2003  0.1102  0.0805  0.0572  0.0403  0.0271  0.0177
D  1  40 0   8  AQ6705   14     10.1508  6.3721  1.8745  0.3501  0.2056  0.1168  0.0849  0.0608  0.0425  0.0288  0.0189
D  1  40 0   9  AQ5715   16      8.3224  5.2791  1.6569  0.3389  0.2084  0.1196  0.0875  0.0634  0.0453  0.0312  0.0208
D  1  40 0  10  AP1358    6     12.0621  7.4186  2.1589  0.3938  0.2335  0.1333  0.0964  0.0690  0.0484  0.0326  0.0213
D  1  40 0  11  AQ4622   18     13.9919  8.3605  2.3716  0.4283  0.2494  0.1396  0.1003  0.0708  0.0490  0.0336  0.0218
D  1  40 0  12  AQ5993    3     12.6556  7.5930  2.3500  0.4631  0.2747  0.1567  0.1130  0.0801  0.0564  0.0381  0.0250
D  1  40 0  13  AQ7436   10     11.0854  7.0116  2.2217  0.4513  0.2716  0.1589  0.1167  0.0843  0.0606  0.0414  0.0276
D  1  40 0  14  AQ2421    2     12.2223  7.7442  2.5204  0.5165  0.3158  0.1826  0.1354  0.0980  0.0698  0.0480  0.0320
D  1  40 0  15  AQ5726   17     13.4012  8.2209  2.5289  0.5095  0.3035  0.1715  0.1254  0.0907  0.0636  0.0437  0.0288
D  1  40 0  16  AQ7505    1     12.4553  7.8721  2.4205  0.5004  0.3037  0.1767  0.1301  0.0945  0.0664  0.0463  0.0309
D  1  40 0  17  AQ6913   13     11.0228  6.6279  1.9831  0.3632  0.2135  0.1201  0.0870  0.0000  0.0433  0.0294  0.0191

D  1  20 1   0  AP1090   19     12.9204  8.1628  2.5407  0.5003  0.3011  0.1708  0.1253  0.0899  0.0637  0.0434  0.0286
D  1  20 1   1  AQ7959   35     13.3672  8.2326  2.5832  0.4972  0.2987  0.1711  0.1249  0.0898  0.0630  0.0435  0.0288
D  1  20 1   2  AQ6758   30     10.6242  6.6628  2.0475  0.4095  0.2504  0.1423  0.1046  0.0756  0.0532  0.0367  0.0243
D  1  20 1   3  AQ3463   31     10.9945  6.6279  1.9325  0.3545  0.2101  0.1185  0.0863  0.0618  0.0436  0.0296  0.0195
D  1  20 1   4  AQ4941   25     12.0986  7.3721  2.1142  0.3886  0.2338  0.1296  0.0943  0.0673  0.0468  0.0321  0.0208
D  1  20 1   5  AQ4417   24     13.5723  7.4651  1.9052  0.2855  0.1606  0.0851  0.0611  0.0424  0.0288  0.0190  0.0124
D  1  20 1   6  AQ5977   26     12.6343  7.3256  1.9363  0.3129  0.1770  0.0955  0.0681  0.0476  0.0320  0.0212  0.0137
D  1  20 1   7  AP1147   34      8.5335  5.5349  1.6871  0.3441  0.2087  0.1201  0.0881  0.0646  0.0455  0.0311  0.0207
D  1  20 1   8  AQ6929   27     11.4601  7.1279  2.1438  0.3906  0.2309  0.1279  0.0925  0.0660  0.0457  0.0310  0.0202
D  1  20 1   9  AQ5332   28     11.5046  7.0116  2.0914  0.3906  0.2315  0.1305  0.0953  0.0677  0.0480  0.0326  0.0213
D  1  20 1  10  AQ5909   32     10.2181  6.3953  1.9319  0.3759  0.2245  0.1269  0.0941  0.0677  0.0475  0.0327  0.0216
D  1  20 1  11  AQ7347   33      9.2142  5.9070  1.8932  0.3947  0.2405  0.1396  0.1033  0.0751  0.0530  0.0365  0.0247
D  1  20 1  12  AQ4650   20     13.1883  8.0930  2.4161  0.4458  0.2637  0.1504  0.1091  0.0782  0.0559  0.0378  0.0247
D  1  20 1  13  AQ4654   23     12.3153  7.6628  2.3177  0.4452  0.2676  0.1515  0.1120  0.0806  0.0568  0.0392  0.0258
D  1  20 1  14  AQ5553   22     12.4131  7.7791  2.3912  0.4687  0.2834  0.1616  0.1198  0.0866  0.0609  0.0423  0.0281
D  1  20 1  15  AQ6199   36     13.3388  8.3605  2.5488  0.4936  0.2931  0.1666  0.1220  0.0886  0.0618  0.0420  0.0276
D  1  20 1  16  AQ4652   21     12.4784  7.9302  2.5249  0.5129  0.3105  0.1799  0.1326  0.0964  0.0694  0.0473  0.0315
D  1  20 1  17  AQ5711   29     10.8149  6.8953  2.2497  0.4683  0.2852  0.1685  0.1247  0.0904  0.0641  0.0446  0.0299

D  2  32 2   0  AP1148   57     12.7336  7.9884  2.5078  0.5059  0.3068  0.1768  0.1303  0.0934  0.0656  0.0457  0.0302
D  2  32 2   1  AQ5677   67     11.7013  7.3488  2.2614  0.4396  0.2686  0.1522  0.1116  0.0804  0.0564  0.0390  0.0259
D  2  32 2   2  AQ6914   72     13.8845  8.3837  2.4283  0.4478  0.2635  0.1483  0.1080  0.0765  0.0531  0.0358  0.0237
D  2  32 2   3  AQ6188   61     10.0647  6.3256  1.9500  0.3902  0.2346  0.1351  0.0989  0.0705  0.0495  0.0341  0.0226
D  2  32 2   4  AQ6377   59      9.2025  5.7209  1.8109  0.3664  0.2213  0.1260  0.0929  0.0672  0.0473  0.0328  0.0218
D  2  32 2   5  AQ5734   63     11.0666  6.7209  1.9254  0.3564  0.2101  0.1178  0.0858  0.0614  0.0427  0.0293  0.0193
D  2  32 2   6  AQ6920   65     11.4730  7.1163  2.1009  0.3831  0.2251  0.1236  0.0905  0.0638  0.0440  0.0295  0.0194
D  2  32 2   7  AQ5459   62     10.6185  6.6395  2.0000  0.3842  0.2296  0.1294  0.0952  0.0676  0.0473  0.0325  0.0213
D  2  32 2   8  AQ5570   61     10.4451  6.5233  2.0158  0.4017  0.2420  0.1385  0.1015  0.0725  0.0508  0.0351  0.0231
D  2  32 2   9  AQ7016   55     13.6867  8.1860  2.3579  0.4342  0.2548  0.1430  0.1033  0.0731  0.0503  0.0343  0.0224
D  2  32 2  10  AQ7031   56     13.5494  8.1512  2.3635  0.4317  0.2550  0.1430  0.1042  0.0737  0.0510  0.0348  0.0227
D  2  32 2  11  AQ6204   69     12.4264  7.5814  2.2395  0.4350  0.2623  0.1475  0.1067  0.0756  0.0527  0.0361  0.0238
D  2  32 2  12  AQ7438   68     11.7639  7.4070  2.2784  0.4408  0.2620  0.1488  0.1084  0.0772  0.0538  0.0369  0.0242
D  2  32 2  13  AQ5047   71     13.5721  8.3023  2.4655  0.4612  0.2728  0.1530  0.1115  0.0793  0.0550  0.0372  0.0247
D  2  32 2  14  AQ7865   70     12.2996  7.7209  2.3661  0.4474  0.2675  0.1504  0.1111  0.0796  0.0555  0.0384  0.0252
D  2  32 2  15  AQ6755   66     11.3592  7.2558  2.3783  0.4931  0.3001  0.1750  0.1296  0.0935  0.0659  0.0460  0.0306
D  2  32 2  16  AQ5396   58     12.4299  7.8488  2.5265  0.5154  0.3116  0.1796  0.1314  0.0949  0.0667  0.0460  0.0306
D  2  32 2  17  AQ4672   64     12.2081  6.9884  1.7989  0.2825  0.1598  0.0863  0.0610  0.0425  0.0288  0.0192  0.0123



D  2  25 3   0  AP1153   49     11.1133  7.0814  2.2929  0.4796  0.2921  0.1692  0.1248  0.0898  0.0641  0.0440  0.0291
D  2  25 3   1  AP1155   52     11.5577  7.3837  2.3593  0.4710  0.2862  0.1659  0.1221  0.0878  0.0627  0.0430  0.0286
D  2  25 3   2  AQ5681   40     13.0628  7.8372  2.3028  0.4186  0.2477  0.1401  0.1021  0.0733  0.0517  0.0350  0.0230
D  2  25 3   3  AQ5999   46     10.8420  6.6395  1.9280  0.3574  0.2124  0.1184  0.0855  0.0608  0.0426  0.0285  0.0185
D  2  25 3   4  AQ4965   45     10.8742  6.4535  1.8981  0.3184  0.1874  0.1023  0.0739  0.0529  0.0366  0.0246  0.0160
D  2  25 3   5  AQ4970   43      9.4119  5.6163  1.5605  0.2601  0.1511  0.0833  0.0597  0.0419  0.0292  0.0197  0.0127
D  2  25 3   6  AQ4673   41     13.1603  7.6744  2.0436  0.3406  0.1953  0.1052  0.0751  0.0526  0.0364  0.0241  0.0155
D  2  25 3   7  AQ6532   38     13.8990  8.1512  2.1306  0.3489  0.2010  0.1084  0.0788  0.0556  0.0379  0.0255  0.0165
D  2  25 3   8  AQ4847   50     11.9871  7.1395  1.9801  0.3490  0.2039  0.1133  0.0816  0.0577  0.0404  0.0271  0.0178
D  2  25 3   9  AQ6793   53     14.0145  8.2442  2.2844  0.3912  0.2266  0.1253  0.0895  0.0634  0.0440  0.0294  0.0191
D  2  25 3  10  AQ7025   47     10.8207  6.6744  1.9787  0.3855  0.2326  0.1313  0.0962  0.0688  0.0486  0.0332  0.0219
D  2  25 3  11  AQ4619   44      9.8312  6.3023  1.9559  0.3829  0.2308  0.1333  0.0978  0.0703  0.0494  0.0342  0.0227
D  2  25 3  12  AQ5485   39     12.8466  7.9419  2.3647  0.4353  0.2587  0.1469  0.1075  0.0770  0.0535  0.0368  0.0242
D  2  25 3  13  AQ6622   51     11.9944  7.3372  2.2290  0.4310  0.2594  0.1479  0.1085  0.0779  0.0554  0.0377  0.0249
D  2  25 3  14  AQ5979   54     13.3800  8.3721  2.5211  0.4795  0.2829  0.1565  0.1147  0.0813  0.0560  0.0382  0.0248
D  2  25 3  15  AQ3071   42     12.0288  7.5465  2.3433  0.4687  0.2841  0.1638  0.1200  0.0867  0.0617  0.0422  0.0280
D  2  25 3  16  AQ5739   37     12.9969  8.1860  2.5224  0.4997  0.3010  0.1727  0.1266  0.0912  0.0641  0.0442  0.0292
D  2  25 3  17  AQ6993   48     11.3927  6.9186  1.9595  0.3517  0.2066  0.1159  0.0841  0.0596  0.0418  0.0282  0.0183



DATA_END

   #D #SS #S #S-No #SN  #DN    #G1100   #G1000  #G800    #G600   #G550   #G500   #G475   #G450   #G425  #G400   #G375

#D     =  Ditecter No.( 1->Detector1 20mm and 40mm tower , 2->Detector2 25mm and 32mm tower )
#SS    =  Scinti Size
#S     =  Scinti Size No. (  0 -> 40mm  ,  1 -> 20mm , 2 -> 32mm , 3 -> 25mm) 
#S-No  =  Scinti No. ( We use  0- 15 , 16 and 17 for reserve )
#SN    =  Serial No.
#DN    =  Divider No.
#G1100 - #G375
       =  Gain@1100V[Low range ADC counts per 1Beta]





