PARAM_START
FORMAT_TYPE: PMT_GAIN
FORMAT: 3
VERSION: 001
DATE: 2017/4/27
COMMENT: The table was taken from the fitting results of HV-gain in tables/GainsheetforCERN060812_1609.txt. The fitting functon: TF1("f","[0]*pow(x/600.,[1]+[2]*x/600.)",300.,1050.);
PARAM_END

FORMAT_START
NDATA: 101
#D #Detector #Tower #Layer #SN  #DN    #1000 #995 #990 #985 #980 #975 #970 #965 #960 #955 #950 #945 #940 #935 #930 #925 #920 #915 #910 #905 #900 #895 #890 #885 #880 #875 #870 #865 #860 #855 #850 #845 #840 #835 #830 #825 #820 #815 #810 #805 #800 #795 #790 #785 #780 #775 #770 #765 #760 #755 #750 #745 #740 #735 #730 #725 #720 #715 #710 #705 #700 #695 #690 #685 #680 #675 #670 #665 #660 #655 #650 #645 #640 #635 #630 #625 #620 #615 #610 #605 #600 #595 #590 #585 #580 #575 #570 #565 #560 #555 #550 #545 #540 #535 #530 #525 #520 #515 #510 #505 #500 
FORMAT_END 

DATA_START
D  1 20  0     8.16239  7.96007  7.76134  7.56617  7.37452  7.18638   7.0017  6.82045   6.6426  6.46812  6.29698  6.12914  5.96456  5.80322  5.64508   5.4901  5.33825   5.1895  5.04381  4.90115  4.76148  4.62476  4.49096  4.36005  4.23198  4.10673  3.98425  3.86451  3.74747   3.6331  3.52136  3.41222  3.30563  3.20156  3.09998  3.00085  2.90412  2.80977  2.71776  2.62805  2.54061   2.4554  2.37238  2.29151  2.21277  2.13611   2.0615  1.98891  1.91829  1.84961  1.78284  1.71795  1.65489  1.59363  1.53414  1.47639  1.42033  1.36594  1.31319  1.26203  1.21244  1.16438  1.11782  1.07273  1.02907 0.986818 0.945939 0.906401 0.868173 0.831226 0.795528 0.761049 0.727761 0.695634 0.664639 0.634748 0.605932 0.578164 0.551416  0.52566 0.500871 0.477023 0.454088 0.432041 0.410858 0.390514 0.370983 0.352243 0.334269 0.317039 0.300529 0.284718 0.269582 0.255101 0.241254 0.228019 0.215376 0.203306 0.191789 0.180805 0.170337 
D  1 20  1     8.23212  8.03114  7.83357  7.63937  7.44853  7.26102  7.07682   6.8959  6.71823   6.5438  6.37258  6.20454  6.03964  5.87788  5.71921  5.56361  5.41106  5.26151  5.11495  4.97134  4.83066  4.69287  4.55794  4.42584  4.29654  4.17001  4.04622  3.92514  3.80672  3.69095  3.57778  3.46719  3.35914   3.2536  3.15054  3.04991   2.9517  2.85586  2.76236  2.67116  2.58224  2.49556  2.41108  2.32877  2.24859  2.17052  2.09451  2.02054  1.94857  1.87856  1.81049  1.74431  1.67999   1.6175  1.55681  1.49788  1.44068  1.38518  1.33133  1.27912   1.2285  1.17945  1.13193   1.0859  1.04135 0.998228 0.956512 0.916168 0.877166 0.839474 0.803063 0.767902 0.733961 0.701211 0.669622 0.639165 0.609811 0.581533 0.554303 0.528091 0.502872 0.478619 0.455304 0.432901 0.411385  0.39073 0.370912 0.351904 0.333684 0.316227  0.29951 0.283509 0.268202 0.253566  0.23958 0.226222 0.213471 0.201307 0.189709 0.178657 0.168132 
D  1 20  2     6.66233   6.4935  6.32787  6.16538  6.00602  5.84975  5.69652   5.5463  5.39906  5.25477  5.11338  4.97486  4.83918  4.70629  4.57617  4.44878  4.32408  4.20204  4.08262  3.96578   3.8515  3.73973  3.63044  3.52359  3.41916   3.3171  3.21738  3.11996  3.02482  2.93191   2.8412  2.75266  2.66626  2.58195  2.49971   2.4195  2.34129  2.26504  2.19073  2.11831  2.04776  1.97905  1.91213  1.84699  1.78358  1.72187  1.66185  1.60346  1.54669  1.49149  1.43785  1.38573   1.3351  1.28593  1.23819  1.19185  1.14688  1.10326  1.06096  1.01994 0.980179 0.941653 0.904333 0.868191   0.8332 0.799334 0.766568 0.734876 0.704231  0.67461 0.645987 0.618337 0.591638 0.565865 0.540994 0.517003 0.493869 0.471568  0.45008 0.429382 0.409453 0.390271 0.371817 0.354069 0.337008 0.320613 0.304865 0.289745 0.275235 0.261316 0.247969 0.235178 0.222925 0.211192 0.199963 0.189222 0.178953  0.16914 0.159767 0.150819 0.142282 
D  1 20  3     6.62798  6.45306  6.28161  6.11358  5.94894  5.78764  5.62964  5.47491   5.3234  5.17507  5.02988  4.88779  4.74875  4.61273  4.47968  4.34956  4.22234  4.09797  3.97641  3.85762  3.74156  3.62819  3.51747  3.40935  3.30381  3.20079  3.10026  3.00218  2.90651   2.8132  2.72223  2.63355  2.54713  2.46292  2.38088  2.30099  2.22319  2.14746  2.07375  2.00203  1.93226   1.8644  1.79843   1.7343  1.67197  1.61141  1.55259  1.49548  1.44003  1.38621  1.33399  1.28333   1.2342  1.18658  1.14042  1.09569  1.05237  1.01042 0.969801 0.930495 0.892467 0.855687 0.820124 0.785751 0.752537 0.720454 0.689474  0.65957 0.630713 0.602877 0.576036 0.550162  0.52523 0.501214 0.478091 0.455834 0.434419 0.413824 0.394023 0.374995 0.356717 0.339166 0.322321  0.30616 0.290662 0.275807 0.261574 0.247943 0.234895 0.222412 0.210474 0.199063 0.188162 0.177752 0.167817 0.158341 0.149306 0.140698 0.132499 0.124697 0.117274 
D  1 20  4     7.37206  7.17344  6.97893   6.7885  6.60208  6.41962  6.24107  6.06636  5.89544  5.72826  5.56477   5.4049  5.24861  5.09584  4.94654  4.80066  4.65813  4.51892  4.38296   4.2502   4.1206   3.9941  3.87065   3.7502   3.6327   3.5181  3.40635   3.2974   3.1912   3.0877  2.98686  2.88863  2.79295  2.69979  2.60909  2.52082  2.43491  2.35134  2.27005    2.191  2.11414  2.03943  1.96684   1.8963  1.82779  1.76127  1.69668  1.63399  1.57315  1.51414  1.45691  1.40141  1.34762  1.29548  1.24498  1.19606  1.14869  1.10284  1.05846  1.01553 0.974009 0.933862 0.895056 0.857558 0.821335 0.786354 0.752583 0.719992 0.688549 0.658224 0.628987 0.600809 0.573661 0.547514 0.522341 0.498114 0.474806  0.45239 0.430841 0.410134 0.390242 0.371142  0.35281 0.335221 0.318353 0.302184  0.28669 0.271851 0.257644  0.24405 0.231048 0.218617 0.206739 0.195394 0.184564 0.174231 0.164377 0.154985 0.146037 0.137518 0.129412 
D  1 20  5     7.46476  7.24749  7.03508  6.82748   6.6246  6.42637  6.23274  6.04363  5.85897  5.67869  5.50273  5.33101  5.16347  5.00004  4.84066  4.68526  4.53376  4.38611  4.24224  4.10208  3.96557  3.83264  3.70323  3.57727   3.4547  3.33546  3.21949  3.10672  2.99708  2.89053  2.78699  2.68642  2.58874   2.4939  2.40184   2.3125  2.22583  2.14177  2.06025  1.98124  1.90466  1.83047  1.75861  1.68903  1.62167  1.55649  1.49343  1.43245  1.37348  1.31649  1.26142  1.20822  1.15685  1.10727  1.05942  1.01325 0.968737  0.92582 0.884461 0.844616 0.806245 0.769305 0.733757  0.69956 0.666676 0.635065 0.604691 0.575517 0.547505  0.52062 0.494829 0.470095 0.446386  0.42367 0.401913 0.381084 0.361153  0.34209 0.323864 0.306448 0.289814 0.273933 0.258779 0.244325 0.230548  0.21742 0.204919 0.193021 0.181703 0.170941 0.160716 0.151004 0.141787 0.133043 0.124754   0.1169 0.109464 0.102427 0.0957721 0.089483 0.0835434 
D  1 20  6     7.32541  7.11665  6.91249  6.71286  6.51769  6.32692  6.14049  5.95833  5.78037  5.60655  5.43681  5.27108   5.1093  4.95141  4.79733  4.64702  4.50041  4.35743  4.21802  4.08213  3.94969  3.82064  3.69493  3.57248  3.45325  3.33717  3.22419  3.11425  3.00728  2.90324  2.80207  2.70371   2.6081   2.5152  2.42494  2.33728  2.25215  2.16951   2.0893  2.01148  1.93599  1.86277  1.79179  1.72299  1.65632  1.59174  1.52919  1.46863  1.41001  1.35329  1.29842  1.24536  1.19406  1.14447  1.09657  1.05029  1.00561 0.962484 0.920865 0.880717 0.842001 0.804678 0.768711 0.734061 0.700694 0.668572  0.63766 0.607923 0.579328 0.551841 0.525429  0.50006 0.475702 0.452324 0.429897 0.408389 0.387772 0.368017 0.349097 0.330984 0.313652 0.297073 0.281223 0.266077  0.25161 0.237799 0.224619 0.212049 0.200066 0.188649 0.177777 0.167429 0.157585 0.148226 0.139333 0.130887 0.122872 0.115268  0.10806 0.101231 0.0947647 
D  1 20  7     5.53434  5.39209  5.25264  5.11595  4.98198  4.85071  4.72209  4.59609  4.47267  4.35181  4.23346   4.1176  4.00418  3.89317  3.78455  3.67827   3.5743   3.4726  3.37316  3.27592  3.18086  3.08795  2.99715  2.90843  2.82176   2.7371  2.65443   2.5737   2.4949  2.41799  2.34293   2.2697  2.19827   2.1286  2.06066  1.99444  1.92988  1.86697  1.80568  1.74598  1.68783  1.63122   1.5761  1.52246  1.47026  1.41949   1.3701  1.32207  1.27539  1.23001  1.18592  1.14308  1.10148  1.06108  1.02186 0.983802 0.946874 0.911054 0.876317  0.84264 0.809999 0.778371 0.747733 0.718062 0.689337 0.661534 0.634633 0.608612  0.58345 0.559125 0.535618 0.512907 0.490974 0.469797 0.449359  0.42964  0.41062 0.392282 0.374607 0.357578 0.341176 0.325385 0.310187 0.295566 0.281505 0.267988 0.254999 0.242523 0.230545 0.219048 0.208019 0.197444 0.187307 0.177596 0.168297 0.159396  0.15088 0.142737 0.134954 0.127519  0.12042 
D  1 20  8     7.12776  6.94741  6.77028  6.59634  6.42557  6.25794  6.09342    5.932  5.77363   5.6183  5.46598  5.31663  5.17023  5.02676  4.88617  4.74844  4.61355  4.48146  4.35214  4.22555  4.10168  3.98048  3.86193    3.746  3.63264  3.52183  3.41355  3.30774  3.20439  3.10346  3.00491  2.90872  2.81484  2.72326  2.63392  2.54681  2.46188   2.3791  2.29845  2.21988  2.14336  2.06886  1.99635  1.92579  1.85714  1.79038  1.72548  1.66239  1.60109  1.54154  1.48371  1.42756  1.37308  1.32021  1.26893  1.21922  1.17102  1.12433  1.07909  1.03529 0.992888 0.951856 0.912164 0.873782 0.836679 0.800825 0.766192  0.73275  0.70047 0.669324 0.639284 0.610321 0.582409 0.555519 0.529625 0.504701  0.48072 0.457657 0.435486 0.414181 0.393718 0.374074 0.355223 0.337142 0.319808 0.303198  0.28729 0.272062 0.257491 0.243558  0.23024 0.217518 0.205371  0.19378 0.182726  0.17219 0.162152 0.152597 0.143505 0.134859 0.126644 
D  1 20  9     7.01159  6.83091  6.65364  6.47976  6.30923    6.142  5.97805  5.81735  5.65984   5.5055   5.3543  5.20619  5.06113   4.9191  4.78006  4.64396  4.51077  4.38046  4.25298   4.1283  4.00639   3.8872   3.7707  3.65685  3.54562  3.43696  3.33084  3.22722  3.12606  3.02734    2.931  2.83702  2.74536  2.65598  2.56884   2.4839  2.40114  2.32051  2.24198  2.16552  2.09108  2.01863  1.94813  1.87956  1.81287  1.74803    1.685  1.62376  1.56426  1.50647  1.45037  1.39591  1.34306  1.29179  1.24206  1.19385  1.14712  1.10184  1.05798  1.01551 0.974393   0.9346 0.896103 0.858871 0.822874 0.788083 0.754469 0.722004 0.690659 0.660406 0.631218 0.603068 0.575928 0.549772 0.524575 0.500309 0.476951 0.454475 0.432857 0.412072 0.392096 0.372907 0.354481 0.336796 0.319828 0.303558 0.287962  0.27302 0.258712 0.245017 0.231915 0.219387 0.207414 0.195977 0.185058 0.174639 0.164702 0.155231 0.146208 0.137618 0.129445 
D  1 20 10     6.39527  6.23122   6.0703  5.91249  5.75774  5.60602  5.45729  5.31152  5.16868  5.02872  4.89162  4.75734  4.62584  4.49709  4.37105  4.24769  4.12697  4.00886  3.89332  3.78032  3.66982  3.56179  3.45619  3.35299  3.25215  3.15364  3.05742  2.96346  2.87172  2.78217  2.69478  2.60952  2.52633  2.44521   2.3661  2.28898  2.21382  2.14057  2.06921  1.99971  1.93203  1.86614  1.80201   1.7396  1.67889  1.61984  1.56243  1.50661  1.45236  1.39965  1.34846  1.29873  1.25046  1.20361  1.15815  1.11405  1.07128  1.02981 0.989621 0.950678 0.912957 0.876428 0.841065 0.806842 0.773731 0.741707 0.710745 0.680818 0.651902 0.623972 0.597003 0.570972 0.545854 0.521626 0.498266 0.475749 0.454054 0.433158 0.413041 0.393679 0.375054 0.357142 0.339925 0.323382 0.307493 0.292239 0.277601 0.263561 0.250099 0.237199 0.224842 0.213011 0.201689 0.190859 0.180506 0.170613 0.161165 0.152147 0.143543 0.135338  0.12752 
D  1 20 11     5.90702  5.76363  5.62274  5.48433  5.34838  5.21487  5.08377  4.95507  4.82873  4.70474  4.58308  4.46371  4.34662  4.23179  4.11918  4.00877  3.90055  3.79449  3.69055  3.58873  3.48899  3.39131  3.29566  3.20203  3.11038  3.02069  2.93294  2.84709  2.76314  2.68105  2.60079  2.52235  2.44569  2.37079  2.29763  2.22619  2.15643  2.08833  2.02187  1.95702  1.89376  1.83207  1.77191  1.71327  1.65612  1.60043  1.54618  1.49335  1.44191  1.39184  1.34312  1.29571   1.2496  1.20477  1.16118  1.11882  1.07767  1.03769 0.998877 0.961194 0.924624 0.889143  0.85473 0.821362 0.789018 0.757676 0.727314 0.697912 0.669447   0.6419 0.615249 0.589474 0.564555 0.540471 0.517203 0.494732 0.473037   0.4521 0.431901 0.412423 0.393647 0.375554 0.358126 0.341346 0.325197 0.309661 0.294721 0.280361 0.266564 0.253314 0.240594  0.22839 0.216687 0.205468 0.194719 0.184425 0.174572 0.165147 0.156134 0.147522 0.139295 
D  1 20 12     8.09304  7.88518  7.68121  7.48108  7.28476  7.09221   6.9034  6.71827   6.5368  6.35894  6.18466  6.01391  5.84666  5.68286  5.52247  5.36545  5.21177  5.06138  4.91424  4.77031  4.62954  4.49191  4.35735  4.22584  4.09733  3.97179  3.84916   3.7294  3.61249  3.49836  3.38699  3.27833  3.17233  3.06896  2.96818  2.86995  2.77421  2.68094  2.59009  2.50162  2.41549  2.33166  2.25008  2.17073  2.09355  2.01851  1.94557  1.87469  1.80583  1.73895  1.67401  1.61098  1.54981  1.49047  1.43293  1.37713  1.32305  1.27065   1.2199  1.17075  1.12317  1.07713  1.03259 0.989522 0.947881  0.90764 0.868763 0.831218 0.794973 0.759994  0.72625  0.69371 0.662342 0.632116 0.603001 0.574968 0.547987 0.522029 0.497066 0.473069 0.450012 0.427866 0.406606 0.386204 0.366635 0.347874 0.329895 0.312675 0.296188 0.280412 0.265324 0.250901  0.23712  0.22396   0.2114 0.199419 0.187996 0.177112 0.166747 0.156883   0.1475 
D  1 20 13     7.66258  7.46672  7.27455  7.08604  6.90115  6.71984  6.54206  6.36779  6.19698  6.02959  5.86558  5.70491  5.54754  5.39344  5.24255  5.09484  4.95026  4.80879  4.67038  4.53498  4.40256  4.27307  4.14649  4.02275  3.90184  3.78369  3.66829  3.55557  3.44551  3.33807   3.2332  3.13086  3.03103  2.93364  2.83867  2.74608  2.65583  2.56787  2.48218  2.39871  2.31742  2.23827  2.16123  2.08627  2.01333  1.94239   1.8734  1.80634  1.74116  1.67783  1.61631  1.55656  1.49856  1.44226  1.38763  1.33464  1.28325  1.23342  1.18513  1.13834  1.09302  1.04914  1.00666 0.965544 0.925772 0.887308 0.850121 0.814181 0.779458 0.745922 0.713543 0.682293 0.652143 0.623065 0.595031 0.568013 0.541985  0.51692 0.492792 0.469574 0.447242  0.42577 0.405135  0.38531 0.366274 0.348003 0.330473 0.313662 0.297548 0.282109 0.267324 0.253172 0.239632 0.226685 0.214311  0.20249 0.191205 0.180435 0.170164 0.160373 0.151046 
D  1 20 14     7.77894  7.58292  7.39052   7.2017  7.01643  6.83467  6.65639  6.48154  6.31009    6.142  5.97724  5.81576  5.65754  5.50252  5.35068  5.20197  5.05636  4.91381  4.77428  4.63773  4.50412  4.37342  4.24558  4.12057  3.99836  3.87889  3.76214  3.64806  3.53662  3.42777  3.32148  3.21772  3.11644   3.0176  2.92117  2.82712  2.73539  2.64596  2.55878  2.47382  2.39105  2.31042   2.2319  2.15545  2.08104  2.00863  1.93818  1.86966  1.80303  1.73826  1.67531  1.61414  1.55473  1.49703  1.44102  1.38666  1.33391  1.28275  1.23313  1.18504  1.13842  1.09326  1.04952  1.00717 0.966174 0.926507 0.888136 0.851032 0.815164 0.780502 0.747019 0.714684  0.68347 0.653349 0.624293 0.596274 0.569265 0.543241 0.518175  0.49404 0.470813 0.448467 0.426978 0.406321 0.386474 0.367412 0.349112 0.331552 0.314709 0.298562 0.283089 0.268269 0.254081 0.240505 0.227521  0.21511 0.203252 0.191929 0.181123 0.170815 0.160989 
D  1 20 15     8.36043   8.1488  7.94109  7.73724  7.53722    7.341  7.14852  6.95976  6.77468  6.59323  6.41537  6.24107  6.07028  5.90297  5.73909  5.57861  5.42147  5.26765  5.11709  4.96977  4.82563  4.68464  4.54676  4.41194  4.28014  4.15133  4.02545  3.90247  3.78235  3.66505  3.55052  3.43873  3.32962  3.22317  3.11933  3.01805  2.91931  2.82305  2.72924  2.63783   2.5488  2.46208  2.37766  2.29548   2.2155   2.1377  2.06202  1.98843  1.91689  1.84736  1.77981  1.71419  1.65047  1.58861  1.52857  1.47032  1.41381  1.35902  1.30591  1.25444  1.20457  1.15627  1.10951  1.06425  1.02046 0.978103 0.937145 0.897555 0.859299 0.822346 0.786665 0.752222 0.718988 0.686932 0.656023 0.626232 0.597529 0.569886 0.543274 0.517664 0.493029 0.469341 0.446575 0.424702 0.403698 0.383537 0.364193 0.345642 0.327859 0.310822 0.294506 0.278888 0.263947 0.249659 0.236004  0.22296 0.210506 0.198623  0.18729 0.176488 0.166198 

D  1 40  0     8.16278  7.95913  7.75913  7.56277  7.36999  7.18078  6.99508  6.81289  6.63414  6.45882  6.28689  6.11831  5.95305  5.79107  5.63234  5.47682  5.32447  5.17526  5.02915   4.8861  4.74609  4.60906  4.47499  4.34384  4.21557  4.09014  3.96751  3.84765  3.73053  3.61609  3.50431  3.39515  3.28856  3.18452  3.08299  2.98392  2.88728  2.79303  2.70113  2.61156  2.52426  2.43921  2.35636  2.27568  2.19713  2.12068  2.04628  1.97391  1.90352  1.83508  1.76856  1.70392  1.64111  1.58012  1.52089  1.46341  1.40762  1.35351  1.30103  1.25015  1.20083  1.15305  1.10677  1.06196  1.01858 0.976609 0.936006 0.896743 0.858789 0.822112 0.786683 0.752471 0.719446 0.687579 0.656841 0.627203 0.598636 0.571114 0.544607 0.519089 0.494533 0.470913 0.448203 0.426376 0.405408 0.385273 0.365948 0.347408  0.32963 0.312591 0.296266 0.280635 0.265676 0.251366 0.237684  0.22461 0.212124 0.200205 0.188834 0.177992  0.16766 
D  1 40  1     8.06945  7.86653  7.66737  7.47193  7.28018  7.09207  6.90756  6.72662   6.5492  6.37527  6.20479  6.03771  5.87399   5.7136   5.5565  5.40264  5.25199   5.1045  4.96013  4.81885  4.68062  4.54538  4.41311  4.28376  4.15729  4.03367  3.91285  3.79479  3.67945  3.56679  3.45678  3.34937  3.24452  3.14219  3.04235  2.94495  2.84996  2.75734  2.66704  2.57904  2.49328  2.40974  2.32837  2.24914    2.172  2.09693  2.02389  1.95283  1.88372  1.81653  1.75121  1.68774  1.62607  1.56618  1.50802  1.45156  1.39677  1.34361  1.29204  1.24205  1.19358  1.14662  1.10112  1.05705  1.01438 0.973086 0.933128 0.894478 0.857104 0.820977 0.786067 0.752345  0.71978 0.688345 0.658011 0.628749 0.600533 0.573336 0.547129 0.521887 0.497584 0.474195 0.451693 0.430053 0.409253 0.389267 0.370071 0.351644  0.33396 0.316999 0.300739 0.285156 0.270231 0.255943  0.24227 0.229194 0.216693  0.20475 0.193346 0.182461 0.172079 
D  1 40  2     6.65138  6.49781  6.34652  6.19751  6.05077  5.90629  5.76406  5.62409  5.48636  5.35087  5.21759  5.08654  4.95769  4.83103  4.70656  4.58426  4.46412  4.34613  4.23027  4.11654  4.00491  3.89537  3.78792  3.68252  3.57917  3.47786  3.37855  3.28125  3.18592  3.09256  3.00114  2.91165  2.82407  2.73837  2.65454  2.57256  2.49241  2.41407  2.33752  2.26274   2.1897  2.11839  2.04878  1.98085  1.91458  1.84996  1.78694  1.72552  1.66567  1.60737   1.5506  1.49532  1.44153  1.38919  1.33828  1.28878  1.24067  1.19392   1.1485  1.10441   1.0616  1.02006 0.979771   0.9407 0.902826 0.866127 0.830578 0.796157 0.762841 0.730605 0.699429 0.669287 0.640159  0.61202 0.584849 0.558623 0.533319 0.508917 0.485394 0.462728 0.440898 0.419883 0.399661 0.380212 0.361514 0.343549 0.326295 0.309732 0.293841 0.278603 0.263998 0.250007 0.236612 0.223795 0.211537  0.19982 0.188628 0.177943 0.167749 0.158028 0.148764 
D  1 40  3     5.80221  5.66063  5.52142  5.38457  5.25007  5.11789  4.98804  4.86048   4.7352  4.61219  4.49142  4.37289  4.25657  4.14244  4.03049  3.92069  3.81303  3.70749  3.60405  3.50268  3.40337   3.3061  3.21084  3.11758  3.02629  2.93695  2.84954  2.76404  2.68042  2.59867  2.51875  2.44066  2.36435  2.28982  2.21704  2.14598  2.07663  2.00895  1.94292  1.87853  1.81574  1.75454  1.69489  1.63678  1.58018  1.52507  1.47142  1.41921  1.36842  1.31901  1.27097  1.22428  1.17891  1.13483  1.09202  1.05046  1.01012 0.970988  0.93303 0.896226 0.860553 0.825987 0.792506 0.760087 0.728707 0.698343 0.668974 0.640576 0.613129 0.586609 0.560996 0.536268 0.512403 0.489381 0.467181 0.445782 0.425164 0.405306 0.386189 0.367793 0.350099 0.333087 0.316738 0.301035 0.285958 0.271489  0.25761 0.244305 0.231555 0.219343 0.207654  0.19647 0.185774 0.175553 0.165789 0.156467 0.147573 0.139092 0.131009 0.123311 0.115983 
D  1 40  4     7.36041  7.15946  6.96263  6.76986  6.58111  6.39631  6.21543  6.03842  5.86522  5.69579  5.53007  5.36801  5.20957   5.0547  4.90335  4.75546  4.61098  4.46987  4.33208  4.19756  4.06625  3.93811  3.81309  3.69114  3.57221  3.45625  3.34322  3.23305  3.12572  3.02116  2.91933  2.82019  2.72368  2.62976  2.53837  2.44949  2.36305  2.27901  2.19732  2.11795  2.04085  1.96596  1.89325  1.82267  1.75418  1.68774   1.6233  1.56081  1.50025  1.44156  1.38471  1.32964  1.27634  1.22474  1.17482  1.12654  1.07985  1.03471   0.9911  0.94897 0.908286 0.869011  0.83111 0.794548  0.75929 0.725301 0.692547 0.660996 0.630614  0.60137 0.573231 0.546166 0.520145 0.495137 0.471113 0.448043 0.425899 0.404653 0.384277 0.364745 0.346028 0.328102 0.310942 0.294521 0.278816 0.263803 0.249457 0.235757 0.222681 0.210205 0.198308 0.186971 0.176172 0.165891 0.156109 0.146808 0.137968 0.129573 0.121603 0.114043 0.106876 
D  1 40  5     6.84882    6.642  6.44027  6.24353  6.05169  5.86466  5.68235  5.50465   5.3315   5.1628  4.99846   4.8384  4.68253  4.53077  4.38304  4.23925  4.09933   3.9632  3.83078  3.70198  3.57675  3.45499  3.33664  3.22162  3.10987   3.0013  2.89586  2.79346  2.69405  2.59756  2.50391  2.41306  2.32492  2.23944  2.15656  2.07621  1.99834  1.92288  1.84978  1.77898  1.71043  1.64406  1.57983  1.51768  1.45756  1.39942   1.3432  1.28885  1.23634   1.1856  1.13659  1.08927  1.04359 0.999504 0.956969 0.915942 0.876381 0.838245 0.801494 0.766087 0.731986 0.699153 0.667551 0.637142 0.607892 0.579765 0.552727 0.526744 0.501784 0.477816 0.454806 0.432726 0.411545 0.391234 0.371764 0.353108 0.335238 0.318128 0.301752 0.286085 0.271102  0.25678 0.243094 0.230023 0.217544 0.205636 0.194277 0.183447 0.173127 0.163296 0.153937 0.145031 0.136561 0.128508 0.120857 0.113592 0.106696 0.100154 0.0939519 0.0880752  0.08251 
D  1 40  6      7.2907  7.08421  6.88227   6.6848  6.49175  6.30304  6.11862  5.93841  5.76236  5.59039  5.42244  5.25845  5.09835  4.94209  4.78959   4.6408  4.49566   4.3541  4.21605  4.08147  3.95029  3.82245  3.69789  3.57655  3.45837  3.34329  3.23127  3.12223  3.01613   2.9129   2.8125  2.71486  2.61993  2.52766  2.43799  2.35088  2.26626   2.1841  2.10432  2.02689  1.95176  1.87887  1.80818  1.73963  1.67319  1.60879  1.54641  1.48598  1.42746  1.37082    1.316  1.26296  1.21166  1.16205   1.1141  1.06776    1.023 0.979761 0.938018 0.897729 0.858856  0.82136 0.785205 0.750355 0.716773 0.684425 0.653277 0.623294 0.594442 0.566691 0.540006 0.514357 0.489713 0.466044 0.443319 0.421511 0.400589 0.380527 0.361298 0.342873 0.325228 0.308336 0.292173 0.276713 0.261934 0.247811 0.234322 0.221445 0.209158 0.197439 0.186268 0.175625  0.16549 0.155844 0.146668 0.137945 0.129656 0.121785 0.114314 0.107228  0.10051 
D  1 40  7     7.11614  6.91483  6.71805  6.52575  6.33784  6.15425  5.97492  5.79976  5.62872  5.46172  5.29868  5.13955  4.98426  4.83273   4.6849   4.5407  4.40007  4.26295  4.12927  3.99896  3.87196  3.74822  3.62767  3.51025   3.3959  3.28455  3.17616  3.07066    2.968  2.86812  2.77096  2.67647  2.58459  2.49527  2.40845  2.32409  2.24214  2.16253  2.08522  2.01016   1.9373  1.86659  1.79798  1.73144   1.6669  1.60432  1.54367  1.48488  1.42793  1.37277  1.31934  1.26762  1.21757  1.16913  1.12227  1.07695  1.03313 0.990779 0.949852 0.910315 0.872131 0.835264  0.79968 0.765344 0.732222 0.700282  0.66949 0.639815 0.611225 0.583691  0.55718 0.531665 0.507115 0.483503 0.460801 0.438981 0.418017 0.397882 0.378552     0.36 0.342202 0.325134 0.308774 0.293097 0.278081 0.263706 0.249948 0.236788 0.224204 0.212177 0.200688 0.189718 0.179247 0.169259 0.159735 0.150659 0.142013 0.133782  0.12595 0.118501 0.111421 
D  1 40  8     6.37205  6.20517  6.04155  5.88117  5.72398  5.56996  5.41905  5.27122  5.12644  4.98467  4.84586  4.70998  4.57699  4.44686  4.31954    4.195   4.0732   3.9541  3.83767  3.72386  3.61264  3.50397  3.39781  3.29412  3.19288  3.09403  2.99755   2.9034  2.81154  2.72192  2.63453  2.54932  2.46625  2.38528  2.30639  2.22954  2.15468   2.0818  2.01084  1.94178  1.87458   1.8092  1.74562   1.6838  1.62371   1.5653  1.50856  1.45344  1.39991  1.34795  1.29751  1.24857   1.2011  1.15506  1.11043  1.06717  1.02526  0.98466 0.945344 0.907284  0.87045 0.834814 0.800348 0.767024 0.734815 0.703693 0.673632 0.644605 0.616587 0.589551 0.563473 0.538327 0.514089 0.490734  0.46824 0.446581 0.425736 0.405681 0.386394 0.367853 0.350037 0.332924 0.316493 0.300724 0.285597 0.271093  0.25719 0.243872 0.231119 0.218913 0.207236  0.19607 0.185399 0.175206 0.165474 0.156187  0.14733 0.138888 0.130844 0.123186 0.115898 
D  1 40  9     5.27916  5.14803   5.0193  4.89295  4.76894  4.64725  4.52787  4.41075  4.29589  4.18325  4.07281  3.96454  3.85842  3.75443  3.65254  3.55271  3.45494  3.35919  3.26543  3.17365  3.08382  2.99591  2.90989  2.82574  2.74344  2.66297  2.58428  2.50737   2.4322  2.35875    2.287  2.21692  2.14848  2.08166  2.01644  1.95279  1.89068   1.8301  1.77102   1.7134  1.65724   1.6025  1.54916   1.4972  1.44659  1.39732  1.34935  1.30266  1.25723  1.21304  1.17006  1.12827  1.08765  1.04818  1.00983 0.972584 0.936418  0.90131 0.867239 0.834183 0.802122 0.771034 0.740899 0.711697 0.683406 0.656007  0.62948 0.603805 0.578963 0.554934   0.5317 0.509241  0.48754 0.466577 0.446335 0.426795 0.407941 0.389754 0.372218 0.355315 0.339029 0.323343 0.308241 0.293708 0.279727 0.266283 0.253361 0.240946 0.229023 0.217577 0.206595 0.196063 0.185966 0.176291 0.167025 0.158156  0.14967 0.141554 0.133798 0.126388 0.119313 
D  1 40 10     7.41863  7.22254  7.03034  6.84199  6.65744  6.47665  6.29957  6.12615  5.95635  5.79012  5.62741  5.46818  5.31238  5.15997   5.0109  4.86512  4.72259  4.58326  4.44708  4.31401  4.18401  4.05702  3.93301  3.81192  3.69372  3.57835  3.46577  3.35595  3.24882  3.14436  3.04251  2.94323  2.84648  2.75221  2.66038  2.57095  2.48388  2.39912  2.31664  2.23638  2.15831  2.08239  2.00857  1.93682  1.86709  1.79935  1.73356  1.66967  1.60765  1.54746  1.48907  1.43242  1.37749  1.32424  1.27264  1.22264  1.17421  1.12731  1.08192  1.03799 0.995494 0.954394 0.914658 0.876254 0.839147 0.803308 0.768703 0.735302 0.703073 0.671987 0.642014 0.613124 0.585288 0.558478 0.532665 0.507821 0.483921 0.460936 0.438841  0.41761 0.397217 0.377637 0.358846  0.34082 0.323536  0.30697 0.291099 0.275901 0.261355  0.24744 0.234134 0.221416 0.209268 0.197669   0.1866 0.176043 0.165979 0.156391 0.147261 0.138573 0.130309 
D  1 40 11     8.36045  8.13411  7.91245  7.69542  7.48296    7.275  7.07149  6.87235  6.67754  6.48699  6.30063  6.11842  5.94028  5.76616    5.596  5.42973  5.26731  5.10867  4.95374  4.80248  4.65483  4.51072   4.3701  4.23291   4.0991   3.9686  3.84136  3.71734  3.59646  3.47867  3.36393  3.25217  3.14335   3.0374  2.93428  2.83392  2.73629  2.64133  2.54899  2.45921  2.37194  2.28714  2.20476  2.12474  2.04705  1.97162  1.89841  1.82738  1.75848  1.69166  1.62688  1.56408  1.50324   1.4443  1.38722  1.33196  1.27847  1.22672  1.17666  1.12825  1.08145  1.03622 0.992523  0.95032 0.909574 0.870245 0.832299 0.795698 0.760407  0.72639 0.693614 0.662044 0.631646 0.602389 0.574239 0.547165 0.521136 0.496121  0.47209 0.449014 0.426864 0.405612 0.385229 0.365688 0.346964 0.329029 0.311858 0.295427 0.279709 0.264683 0.250323 0.236608 0.223514 0.211021 0.199106 0.187749 0.176929 0.166627 0.156823 0.147499 0.138636 
D  1 40 12     7.59253  7.40351  7.21786  7.03556  6.85658  6.68088  6.50843  6.33921  6.17318  6.01032  5.85058  5.69395  5.54038  5.38985  5.24233  5.09777  4.95615  4.81743  4.68159  4.54858  4.41838  4.29095  4.16626  4.04427  3.92495  3.80826  3.69418  3.58266  3.47367  3.36719  3.26316  3.16157  3.06237  2.96553  2.87101  2.77879  2.68882  2.60107  2.51551  2.43211  2.35082  2.27161  2.19446  2.11932  2.04617  1.97496  1.90567  1.83826   1.7727  1.70895  1.64698  1.58675  1.52825  1.47142  1.41625  1.36269  1.31072   1.2603   1.2114  1.16399  1.11804  1.07353   1.0304 0.988649 0.948232 0.909122 0.871289 0.834706 0.799341 0.765168 0.732157 0.700281 0.669511  0.63982 0.611182 0.583569 0.556956 0.531315 0.506622 0.482851 0.459977 0.437975 0.416821 0.396491 0.376962 0.358211 0.340214 0.322949 0.306395 0.290529  0.27533 0.260778 0.246851 0.233531 0.220796 0.208628 0.197007 0.185916 0.175336 0.165248 0.155637 
D  1 40 13     7.01161  6.84007  6.67154  6.50599   6.3434  6.18373  6.02697  5.87308  5.72204  5.57382  5.42839  5.28573   5.1458  5.00859  4.87406  4.74218  4.61292  4.48626  4.36217  4.24061  4.12157    4.005  3.89088  3.77918  3.66987  3.56292   3.4583  3.35598  3.25594  3.15813  3.06253  2.96912  2.87785  2.78871  2.70166  2.61666   2.5337  2.45273  2.37374  2.29668  2.22154  2.14827  2.07686  2.00726  1.93946  1.87341   1.8091  1.74649  1.68555  1.62625  1.56857  1.51247  1.45793  1.40492   1.3534  1.30336  1.25476  1.20757  1.16177  1.11733  1.07422  1.03242  0.99189 0.952613 0.914559 0.877704 0.842019 0.807481 0.774062 0.741737 0.710482 0.680271  0.65108 0.622885 0.595661 0.569384 0.544032 0.519581 0.496007 0.473289 0.451403 0.430329 0.410044 0.390526 0.371755  0.35371  0.33637 0.319715 0.303726 0.288382 0.273665 0.259555 0.246035 0.233085 0.220688 0.208827 0.197483 0.186641 0.176284 0.166394 0.156958 
D  1 40 14     7.74424  7.56057   7.3799  7.20222   7.0275  6.85573  6.68689  6.52094  6.35789  6.19769  6.04034  5.88581  5.73407  5.58511  5.43889   5.2954  5.15462  5.01651  4.88106  4.74824  4.61802  4.49038  4.36529  4.24273  4.12267  4.00508  3.88994  3.77722  3.66689  3.55893   3.4533  3.34999  3.24895  3.15018  3.05362  2.95927  2.86708  2.77703   2.6891  2.60325  2.51945  2.43767   2.3579  2.28008  2.20421  2.13024  2.05815  1.98792   1.9195  1.85287  1.78801  1.72488  1.66345   1.6037  1.54559   1.4891  1.43419  1.38085  1.32904  1.27873  1.22989  1.18249  1.13652  1.09193   1.0487  1.00681 0.966217 0.926906 0.888847 0.852011 0.816373 0.781905 0.748581 0.716376 0.685263 0.655216 0.626211 0.598221 0.571223 0.545191 0.520102  0.49593 0.472653 0.450246 0.428687 0.407953 0.388021 0.368868 0.350473 0.332815 0.315871  0.29962 0.284043 0.269119 0.254827 0.241149 0.228064 0.215553 0.203599 0.192183 0.181286 
D  1 40 15     8.22049    8.013  7.80937  7.60958  7.41357  7.22132  7.03277  6.84788  6.66662  6.48894  6.31481  6.14417  5.97699  5.81322  5.65283  5.49578  5.34201  5.19149  5.04417  4.90002  4.75899  4.62105  4.48614  4.35423  4.22527  4.09923  3.97605  3.85571  3.73816  3.62335  3.51125  3.40182  3.29501  3.19078  3.08909  2.98991  2.89319  2.79889  2.70697  2.61739  2.53011  2.44509   2.3623  2.28169  2.20323  2.12687  2.05258  1.98032  1.91005  1.84174  1.77534  1.71083  1.64815  1.58729  1.52819  1.47084  1.41518  1.36118  1.30882  1.25805  1.20884  1.16116  1.11497  1.07024  1.02694 0.985034 0.944492  0.90528 0.867369 0.830727 0.795322 0.761126 0.728109  0.69624 0.665491 0.635832 0.607237 0.579677 0.553125 0.527553 0.502935 0.479245 0.456457 0.434545 0.413485 0.393251 0.373821  0.35517 0.337274 0.320112  0.30366 0.287896 0.272799 0.258348 0.244521 0.231299 0.218661 0.206587  0.19506 0.184059 0.173567 
DATA_END

